id,attr_time,attr_light
1,1435996968010,6.0
2,1435996968031,6.0
3,1435996968052,6.0
4,1435996968073,6.0
5,1435996968093,6.0
6,1435996968113,6.0
7,1435996968131,6.0
8,1435996968149,6.0
9,1435996968170,6.0
10,1435996968229,6.0
11,1435996968230,6.0
12,1435996968231,6.0
13,1435996968250,6.0
14,1435996968277,6.0
15,1435996968296,6.0
16,1435996968311,6.0
17,1435996968332,6.0
18,1435996968351,6.0
19,1435996968370,6.0
20,1435996968394,6.0
21,1435996968411,6.0
22,1435996968430,6.0
23,1435996968454,6.0
24,1435996968473,6.0
25,1435996968492,6.0
26,1435996968510,6.0
27,1435996968531,6.0
28,1435996968552,6.0
29,1435996968574,6.0
30,1435996968593,6.0
31,1435996968613,6.0
32,1435996968638,6.0
33,1435996968654,6.0
34,1435996968673,6.0
35,1435996968691,6.0
36,1435996968710,6.0
37,1435996968731,6.0
38,1435996968753,6.0
39,1435996968774,6.0
40,1435996968793,6.0
41,1435996968810,6.0
42,1435996968833,6.0
43,1435996968851,6.0
44,1435996968870,6.0
45,1435996968891,6.0
46,1435996968911,6.0
47,1435996968967,6.0
48,1435996968968,6.0
49,1435996968971,6.0
50,1435996968992,6.0
51,1435996969012,6.0
52,1435996969034,6.0
53,1435996969051,6.0
54,1435996969073,6.0
55,1435996969093,6.0
56,1435996969112,6.0
57,1435996969132,6.0
58,1435996969151,6.0
59,1435996969177,6.0
60,1435996969193,6.0
61,1435996969214,6.0
62,1435996969235,6.0
63,1435996969254,6.0
64,1435996969273,6.0
65,1435996969292,6.0
66,1435996969311,6.0
67,1435996969333,6.0
68,1435996969354,6.0
69,1435996969375,6.0
70,1435996969391,6.0
71,1435996969414,6.0
72,1435996969435,6.0
73,1435996969455,6.0
74,1435996969476,6.0
75,1435996969498,6.0
76,1435996969515,6.0
77,1435996969534,6.0
78,1435996969554,6.0
79,1435996969575,6.0
80,1435996969602,6.0
81,1435996969614,6.0
82,1435996969637,6.0
83,1435996969651,6.0
84,1435996969721,6.0
85,1435996969722,6.0
86,1435996969725,6.0
87,1435996969731,6.0
88,1435996969754,6.0
89,1435996969777,6.0
90,1435996969793,6.0
91,1435996969812,6.0
92,1435996969831,6.0
93,1435996969851,6.0
94,1435996969873,6.0
95,1435996969893,6.0
96,1435996969912,6.0
97,1435996969935,6.0
98,1435996969955,6.0
99,1435996969974,6.0
100,1435996969993,6.0
101,1435996970011,6.0
102,1435996970033,6.0
103,1435996970055,6.0
104,1435996970075,6.0
105,1435996970095,6.0
106,1435996970116,6.0
107,1435996970137,6.0
108,1435996970153,6.0
109,1435996970173,6.0
110,1435996970195,6.0
111,1435996970217,6.0
112,1435996970276,6.0
113,1435996970277,6.0
114,1435996970278,6.0
115,1435996970293,6.0
116,1435996970312,6.0
117,1435996970335,6.0
118,1435996970355,6.0
119,1435996970373,6.0
120,1435996970393,6.0
121,1435996970461,6.0
122,1435996970462,6.0
123,1435996970463,6.0
124,1435996970497,6.0
125,1435996970498,6.0
126,1435996970512,6.0
127,1435996970532,6.0
128,1435996970560,6.0
129,1435996970575,6.0
130,1435996970617,6.0
131,1435996970618,6.0
132,1435996970636,6.0
133,1435996970653,6.0
134,1435996970673,6.0
135,1435996970694,6.0
136,1435996970711,6.0
137,1435996970731,6.0
138,1435996970751,6.0
139,1435996970773,6.0
140,1435996970791,6.0
141,1435996970812,6.0
142,1435996970836,6.0
143,1435996970856,6.0
144,1435996970877,6.0
145,1435996970892,6.0
146,1435996970915,6.0
147,1435996970933,6.0
148,1435996970952,6.0
149,1435996970973,6.0
150,1435996970996,6.0
151,1435996971015,6.0
152,1435996971036,6.0
153,1435996971057,6.0
154,1435996971075,6.0
155,1435996971093,6.0
156,1435996971112,6.0
157,1435996971133,6.0
158,1435996971153,6.0
159,1435996971181,6.0
160,1435996971191,6.0
161,1435996971212,6.0
162,1435996971233,6.0
163,1435996971253,6.0
164,1435996971274,6.0
165,1435996971294,6.0
166,1435996971314,6.0
167,1435996971333,6.0
168,1435996971359,6.0
169,1435996971375,6.0
170,1435996971393,6.0
171,1435996971414,6.0
172,1435996971435,6.0
173,1435996971455,6.0
174,1435996971473,6.0
175,1435996971495,6.0
176,1435996971517,6.0
177,1435996971533,6.0
178,1435996971553,6.0
179,1435996971574,6.0
180,1435996971594,6.0
181,1435996971614,6.0
182,1435996971633,6.0
183,1435996971656,6.0
184,1435996971675,6.0
185,1435996971694,6.0
186,1435996971714,6.0
187,1435996971733,6.0
188,1435996971754,6.0
189,1435996971774,6.0
190,1435996971796,6.0
191,1435996971813,6.0
192,1435996971891,6.0
193,1435996971892,6.0
194,1435996971893,6.0
195,1435996971894,6.0
196,1435996971913,6.0
197,1435996971934,6.0
198,1435996971957,6.0
199,1435996971976,6.0
200,1435996971993,6.0
201,1435996972014,6.0
202,1435996972035,6.0
203,1435996972055,6.0
204,1435996972080,6.0
205,1435996972094,6.0
206,1435996972115,6.0
207,1435996972134,6.0
208,1435996972153,6.0
209,1435996972176,6.0
210,1435996972195,6.0
211,1435996972214,6.0
212,1435996972237,6.0
213,1435996972256,6.0
214,1435996972274,6.0
215,1435996972295,6.0
216,1435996972313,6.0
217,1435996972333,6.0
218,1435996972353,6.0
219,1435996972375,6.0
220,1435996972395,6.0
221,1435996972419,6.0
222,1435996972437,6.0
223,1435996972453,6.0
224,1435996972474,6.0
225,1435996972493,6.0
226,1435996972515,6.0
227,1435996972534,6.0
228,1435996972554,6.0
229,1435996972626,6.0
230,1435996972627,6.0
231,1435996972628,6.0
232,1435996972645,6.0
233,1435996972654,6.0
234,1435996972673,6.0
235,1435996972696,6.0
236,1435996972715,6.0
237,1435996972734,6.0
238,1435996972755,6.0
239,1435996972775,6.0
240,1435996972796,6.0
241,1435996972815,6.0
242,1435996972836,6.0
243,1435996972856,6.0
244,1435996972878,6.0
245,1435996972898,6.0
246,1435996972917,6.0
247,1435996972936,6.0
248,1435996972956,6.0
249,1435996972974,6.0
250,1435996972996,6.0
251,1435996973016,6.0
252,1435996973036,6.0
253,1435996973057,6.0
254,1435996973078,6.0
255,1435996973098,6.0
256,1435996973119,6.0
257,1435996973170,6.0
258,1435996973171,6.0
259,1435996973175,6.0
260,1435996973195,6.0
261,1435996973229,6.0
262,1435996973298,6.0
263,1435996973299,6.0
264,1435996973300,6.0
265,1435996973301,6.0
266,1435996973315,6.0
267,1435996973340,6.0
268,1435996973357,6.0
269,1435996973375,6.0
270,1435996973398,6.0
271,1435996973417,6.0
272,1435996973437,6.0
273,1435996973459,6.0
274,1435996973476,6.0
275,1435996973495,6.0
276,1435996973516,6.0
277,1435996973537,6.0
278,1435996973557,6.0
279,1435996973579,6.0
280,1435996973596,6.0
281,1435996973617,6.0
282,1435996973661,6.0
283,1435996973662,6.0
284,1435996973675,6.0
285,1435996973703,6.0
286,1435996973716,6.0
287,1435996973735,6.0
288,1435996973756,6.0
289,1435996973777,6.0
290,1435996973795,6.0
291,1435996973818,6.0
292,1435996973837,6.0
293,1435996973857,6.0
294,1435996973875,6.0
295,1435996973897,6.0
296,1435996973919,6.0
297,1435996973941,6.0
298,1435996973959,6.0
299,1435996974029,6.0
300,1435996974030,6.0
301,1435996974031,6.0
302,1435996974056,6.0
303,1435996974057,6.0
304,1435996974077,6.0
305,1435996974100,6.0
306,1435996974116,6.0
307,1435996974139,6.0
308,1435996974158,6.0
309,1435996974178,6.0
310,1435996974195,6.0
311,1435996974216,6.0
312,1435996974236,6.0
313,1435996974256,6.0
314,1435996974277,6.0
315,1435996974297,6.0
316,1435996974317,6.0
317,1435996974336,6.0
318,1435996974356,6.0
319,1435996974376,6.0
320,1435996974397,6.0
321,1435996974418,6.0
322,1435996974439,6.0
323,1435996974457,6.0
324,1435996974476,6.0
325,1435996974496,6.0
326,1435996974516,6.0
327,1435996974537,6.0
328,1435996974557,6.0
329,1435996974577,6.0
330,1435996974598,6.0
331,1435996974617,6.0
332,1435996974635,6.0
333,1435996974688,6.0
334,1435996974689,6.0
335,1435996974763,6.0
336,1435996974764,6.0
337,1435996974765,6.0
338,1435996974766,6.0
339,1435996974788,6.0
340,1435996974797,6.0
341,1435996974820,6.0
342,1435996974836,6.0
343,1435996974856,6.0
344,1435996974876,6.0
345,1435996974896,6.0
346,1435996975000,6.0
347,1435996975001,6.0
348,1435996975002,6.0
349,1435996975003,6.0
350,1435996975004,6.0
351,1435996975016,6.0
352,1435996975036,6.0
353,1435996975058,6.0
354,1435996975077,6.0
355,1435996975098,6.0
356,1435996975117,6.0
357,1435996975138,6.0
358,1435996975164,6.0
359,1435996975177,6.0
360,1435996975197,6.0
361,1435996975217,6.0
362,1435996975236,6.0
363,1435996975256,6.0
364,1435996975276,6.0
365,1435996975296,6.0
366,1435996975316,6.0
367,1435996975336,6.0
368,1435996975357,6.0
369,1435996975376,6.0
370,1435996975398,6.0
371,1435996975483,6.0
372,1435996975484,6.0
373,1435996975485,6.0
374,1435996975486,6.0
375,1435996975496,6.0
376,1435996975517,6.0
377,1435996975537,6.0
378,1435996975557,6.0
379,1435996975579,6.0
380,1435996975597,6.0
381,1435996975618,6.0
382,1435996975637,6.0
383,1435996975658,6.0
384,1435996975677,6.0
385,1435996975698,6.0
386,1435996975718,6.0
387,1435996975737,6.0
388,1435996975759,6.0
389,1435996975777,6.0
390,1435996975797,6.0
391,1435996975823,6.0
392,1435996975837,6.0
393,1435996975860,6.0
394,1435996975877,6.0
395,1435996975901,6.0
396,1435996975919,6.0
397,1435996975938,6.0
398,1435996975958,6.0
399,1435996975977,6.0
400,1435996976001,6.0
401,1435996976023,6.0
402,1435996976037,6.0
403,1435996976058,6.0
404,1435996976127,6.0
405,1435996976128,6.0
406,1435996976129,6.0
407,1435996976150,6.0
408,1435996976157,6.0
409,1435996976178,6.0
410,1435996976204,6.0
411,1435996976217,6.0
412,1435996976238,6.0
413,1435996976259,6.0
414,1435996976277,6.0
415,1435996976299,6.0
416,1435996976319,6.0
417,1435996976343,6.0
418,1435996976361,6.0
419,1435996976380,6.0
420,1435996976398,6.0
421,1435996976418,6.0
422,1435996976440,6.0
423,1435996976458,6.0
424,1435996976478,6.0
425,1435996976500,5.0
426,1435996976519,5.0
427,1435996976540,6.0
428,1435996976560,6.0
429,1435996976578,5.0
430,1435996976598,5.0
431,1435996976621,5.0
432,1435996976641,5.0
433,1435996976659,5.0
434,1435996976680,5.0
435,1435996976700,5.0
436,1435996976721,5.0
437,1435996976740,5.0
438,1435996976761,5.0
439,1435996976779,5.0
440,1435996976799,5.0
441,1435996976887,5.0
442,1435996976888,5.0
443,1435996976889,5.0
444,1435996976890,5.0
445,1435996976909,5.0
446,1435996976918,5.0
447,1435996976941,5.0
448,1435996976962,5.0
449,1435996976978,5.0
450,1435996976998,5.0
451,1435996977023,5.0
452,1435996977038,5.0
453,1435996977059,5.0
454,1435996977085,5.0
455,1435996977099,5.0
456,1435996977118,5.0
457,1435996977139,5.0
458,1435996977159,5.0
459,1435996977180,5.0
460,1435996977198,5.0
461,1435996977217,5.0
462,1435996977241,5.0
463,1435996977262,5.0
464,1435996977280,5.0
465,1435996977300,5.0
466,1435996977320,5.0
467,1435996977339,5.0
468,1435996977360,5.0
469,1435996977382,5.0
470,1435996977400,5.0
471,1435996977419,5.0
472,1435996977442,5.0
473,1435996977460,5.0
474,1435996977479,5.0
475,1435996977500,6.0
476,1435996977522,6.0
477,1435996977539,6.0
478,1435996977566,6.0
479,1435996977618,6.0
480,1435996977619,5.0
481,1435996977620,5.0
482,1435996977638,6.0
483,1435996977661,6.0
484,1435996977679,6.0
485,1435996977700,6.0
486,1435996977720,6.0
487,1435996977739,6.0
488,1435996977762,6.0
489,1435996977781,6.0
490,1435996977806,6.0
491,1435996977823,6.0
492,1435996977841,6.0
493,1435996977860,6.0
494,1435996977879,6.0
495,1435996977900,6.0
496,1435996977922,6.0
497,1435996977942,6.0
498,1435996977961,6.0
499,1435996977981,6.0
500,1435996978002,6.0
501,1435996978019,6.0
502,1435996978039,6.0
503,1435996978059,6.0
504,1435996978080,6.0
505,1435996978099,6.0
506,1435996978120,6.0
507,1435996978142,6.0
508,1435996978160,5.0
509,1435996978181,5.0
510,1435996978200,5.0
511,1435996978224,5.0
512,1435996978313,5.0
513,1435996978314,5.0
514,1435996978315,5.0
515,1435996978316,5.0
516,1435996978325,5.0
517,1435996978340,5.0
518,1435996978361,5.0
519,1435996978379,4.0
520,1435996978402,4.0
521,1435996978437,4.0
522,1435996978439,4.0
523,1435996978461,4.0
524,1435996978482,4.0
525,1435996978501,4.0
526,1435996978520,4.0
527,1435996978540,4.0
528,1435996978563,4.0
529,1435996978583,4.0
530,1435996978603,4.0
531,1435996978623,4.0
532,1435996978643,4.0
533,1435996978664,4.0
534,1435996978682,4.0
535,1435996978702,3.0
536,1435996978722,3.0
537,1435996978740,3.0
538,1435996978761,3.0
539,1435996978780,3.0
540,1435996978801,3.0
541,1435996978823,3.0
542,1435996978842,3.0
543,1435996978862,3.0
544,1435996978883,3.0
545,1435996978904,3.0
546,1435996978924,3.0
547,1435996979054,3.0
548,1435996979055,3.0
549,1435996979069,3.0
550,1435996979070,3.0
551,1435996979071,3.0
552,1435996979072,3.0
553,1435996979073,3.0
554,1435996979115,3.0
555,1435996979116,3.0
556,1435996979144,3.0
557,1435996979145,3.0
558,1435996979161,3.0
559,1435996979197,3.0
560,1435996979200,3.0
561,1435996979220,3.0
562,1435996979240,3.0
563,1435996979260,3.0
564,1435996979280,3.0
565,1435996979300,3.0
566,1435996979320,4.0
567,1435996979340,4.0
568,1435996979360,4.0
569,1435996979380,4.0
570,1435996979400,4.0
571,1435996979420,4.0
572,1435996979443,4.0
573,1435996979464,4.0
574,1435996979480,4.0
575,1435996979502,4.0
576,1435996979521,4.0
577,1435996979544,4.0
578,1435996979561,4.0
579,1435996979583,4.0
580,1435996979601,4.0
581,1435996979625,4.0
582,1435996979642,4.0
583,1435996979661,4.0
584,1435996979681,4.0
585,1435996979708,4.0
586,1435996979751,5.0
587,1435996979752,5.0
588,1435996979771,5.0
589,1435996979780,5.0
590,1435996979801,5.0
591,1435996979820,5.0
592,1435996979841,5.0
593,1435996979861,5.0
594,1435996979880,5.0
595,1435996979903,5.0
596,1435996979924,5.0
597,1435996979941,5.0
598,1435996979962,5.0
599,1435996979985,5.0
600,1435996980002,5.0
601,1435996980022,6.0
602,1435996980042,6.0
603,1435996980064,6.0
604,1435996980084,6.0
605,1435996980102,6.0
606,1435996980124,6.0
607,1435996980143,6.0
608,1435996980160,6.0
609,1435996980181,6.0
610,1435996980203,7.0
611,1435996980224,7.0
612,1435996980249,7.0
613,1435996980264,7.0
614,1435996980281,8.0
615,1435996980303,7.0
616,1435996980324,7.0
617,1435996980345,8.0
618,1435996980435,8.0
619,1435996980436,9.0
620,1435996980437,9.0
621,1435996980438,9.0
622,1435996980505,9.0
623,1435996980506,9.0
624,1435996980507,9.0
625,1435996980508,8.0
626,1435996980529,8.0
627,1435996980570,8.0
628,1435996980571,8.0
629,1435996980595,8.0
630,1435996980602,9.0
631,1435996980629,9.0
632,1435996980642,9.0
633,1435996980664,9.0
634,1435996980682,9.0
635,1435996980701,9.0
636,1435996980721,10.0
637,1435996980741,10.0
638,1435996980761,10.0
639,1435996980781,10.0
640,1435996980803,10.0
641,1435996980825,10.0
642,1435996980844,10.0
643,1435996980863,11.0
644,1435996980883,11.0
645,1435996980901,11.0
646,1435996980923,11.0
647,1435996980944,11.0
648,1435996980966,11.0
649,1435996980986,11.0
650,1435996981007,11.0
651,1435996981025,11.0
652,1435996981043,11.0
653,1435996981062,11.0
654,1435996981082,12.0
655,1435996981101,12.0
656,1435996981147,12.0
657,1435996981148,13.0
658,1435996981161,13.0
659,1435996981185,14.0
660,1435996981202,14.0
661,1435996981223,15.0
662,1435996981243,15.0
663,1435996981264,16.0
664,1435996981282,16.0
665,1435996981306,15.0
666,1435996981326,15.0
667,1435996981344,16.0
668,1435996981362,16.0
669,1435996981384,16.0
670,1435996981406,16.0
671,1435996981425,16.0
672,1435996981445,16.0
673,1435996981466,16.0
674,1435996981484,16.0
675,1435996981506,16.0
676,1435996981524,16.0
677,1435996981547,16.0
678,1435996981567,16.0
679,1435996981587,16.0
680,1435996981606,16.0
681,1435996981623,17.0
682,1435996981644,17.0
683,1435996981665,17.0
684,1435996981688,17.0
685,1435996981707,17.0
686,1435996981731,17.0
687,1435996981745,17.0
688,1435996981771,17.0
689,1435996981849,17.0
690,1435996981850,17.0
691,1435996981854,17.0
692,1435996981855,16.0
693,1435996981871,16.0
694,1435996981975,16.0
695,1435996981976,16.0
696,1435996981977,18.0
697,1435996981978,18.0
698,1435996981979,20.0
699,1435996981995,19.0
700,1435996982005,19.0
701,1435996982031,19.0
702,1435996982044,19.0
703,1435996982064,18.0
704,1435996982084,18.0
705,1435996982103,19.0
706,1435996982125,19.0
707,1435996982147,19.0
708,1435996982167,19.0
709,1435996982188,20.0
710,1435996982207,20.0
711,1435996982227,20.0
712,1435996982253,20.0
713,1435996982267,20.0
714,1435996982285,20.0
715,1435996982306,20.0
716,1435996982325,20.0
717,1435996982345,20.0
718,1435996982366,20.0
719,1435996982386,20.0
720,1435996982407,19.0
721,1435996982425,19.0
722,1435996982446,19.0
723,1435996982466,19.0
724,1435996982486,19.0
725,1435996982504,19.0
726,1435996982646,19.0
727,1435996982647,18.0
728,1435996982666,18.0
729,1435996982667,17.0
730,1435996982668,17.0
731,1435996982669,17.0
732,1435996982670,16.0
733,1435996982671,16.0
734,1435996982686,16.0
735,1435996982707,16.0
736,1435996982773,16.0
737,1435996982774,16.0
738,1435996982775,17.0
739,1435996982786,17.0
740,1435996982804,20.0
741,1435996982825,18.0
742,1435996982846,18.0
743,1435996982866,17.0
744,1435996982885,17.0
745,1435996982904,17.0
746,1435996982924,17.0
747,1435996982945,17.0
748,1435996982966,17.0
749,1435996982986,17.0
750,1435996983007,17.0
751,1435996983025,19.0
752,1435996983047,19.0
753,1435996983068,19.0
754,1435996983084,20.0
755,1435996983104,20.0
756,1435996983124,23.0
757,1435996983177,23.0
758,1435996983178,20.0
759,1435996983188,20.0
760,1435996983208,19.0
761,1435996983224,19.0
762,1435996983244,20.0
763,1435996983265,23.0
764,1435996983284,23.0
765,1435996983357,24.0
766,1435996983358,24.0
767,1435996983359,23.0
768,1435996983377,23.0
769,1435996983385,23.0
770,1435996983404,23.0
771,1435996983426,24.0
772,1435996983444,23.0
773,1435996983469,23.0
774,1435996983486,23.0
775,1435996983506,23.0
776,1435996983530,23.0
777,1435996983549,23.0
778,1435996983567,22.0
779,1435996983585,22.0
780,1435996983606,22.0
781,1435996983627,22.0
782,1435996983645,22.0
783,1435996983667,21.0
784,1435996983687,21.0
785,1435996983708,21.0
786,1435996983727,21.0
787,1435996983748,22.0
788,1435996983768,22.0
789,1435996983786,22.0
790,1435996983806,22.0
791,1435996983825,22.0
792,1435996983845,22.0
793,1435996983866,22.0
794,1435996983885,21.0
795,1435996983906,21.0
796,1435996983927,24.0
797,1435996983968,24.0
798,1435996983969,30.0
799,1435996983996,30.0
800,1435996984006,30.0
801,1435996984025,30.0
802,1435996984045,31.0
803,1435996984089,31.0
804,1435996984090,32.0
805,1435996984111,33.0
806,1435996984126,33.0
807,1435996984145,33.0
808,1435996984165,33.0
809,1435996984186,33.0
810,1435996984206,33.0
811,1435996984228,34.0
812,1435996984251,34.0
813,1435996984272,32.0
814,1435996984286,31.0
815,1435996984306,31.0
816,1435996984333,31.0
817,1435996984347,31.0
818,1435996984366,30.0
819,1435996984385,30.0
820,1435996984405,28.0
821,1435996984425,28.0
822,1435996984445,25.0
823,1435996984465,25.0
824,1435996984486,24.0
825,1435996984507,22.0
826,1435996984531,22.0
827,1435996984556,15.0
828,1435996984570,15.0
829,1435996984589,11.0
830,1435996984608,11.0
831,1435996984629,10.0
832,1435996984649,10.0
833,1435996984666,8.0
834,1435996984688,8.0
835,1435996984707,7.0
836,1435996984724,6.0
837,1435996984744,6.0
838,1435996984764,5.0
839,1435996984785,5.0
840,1435996984805,4.0
841,1435996984825,4.0
842,1435996984844,3.0
843,1435996984864,3.0
844,1435996984884,3.0
845,1435996984904,3.0
846,1435996984924,2.0
847,1435996984944,2.0
848,1435996984965,2.0
849,1435996984985,2.0
850,1435996985004,2.0
851,1435996985025,2.0
852,1435996985045,2.0
853,1435996985065,1.0
854,1435996985086,1.0
855,1435996985106,1.0
856,1435996985126,1.0
857,1435996985147,1.0
858,1435996985167,1.0
859,1435996985186,1.0
860,1435996985207,0.0
861,1435996985226,0.0
862,1435996985247,0.0
863,1435996985265,0.0
864,1435996985288,0.0
865,1435996985307,0.0
866,1435996985326,0.0
867,1435996985346,0.0
868,1435996985367,0.0
869,1435996985403,0.0
870,1435996985408,0.0
871,1435996985426,0.0
872,1435996985447,0.0
873,1435996985468,0.0
874,1435996985486,0.0
875,1435996985507,0.0
876,1435996985526,0.0
877,1435996985548,0.0
878,1435996985568,0.0
879,1435996985588,0.0
880,1435996985608,0.0
881,1435996985627,0.0
882,1435996985646,0.0
883,1435996985667,0.0
884,1435996985687,0.0
885,1435996985709,0.0
886,1435996985727,0.0
887,1435996985751,0.0
888,1435996985768,0.0
889,1435996985787,0.0
890,1435996985809,0.0
891,1435996985830,0.0
892,1435996985850,0.0
893,1435996985868,0.0
894,1435996985888,0.0
895,1435996985908,0.0
896,1435996985927,0.0
897,1435996985949,0.0
898,1435996985969,0.0
899,1435996985989,0.0
900,1435996986009,0.0
901,1435996986027,0.0
902,1435996986100,0.0
903,1435996986101,0.0
904,1435996986102,0.0
905,1435996986111,0.0
906,1435996986128,0.0
907,1435996986151,0.0
908,1435996986167,0.0
909,1435996986187,0.0
910,1435996986209,0.0
911,1435996986227,1.0
912,1435996986248,1.0
913,1435996986268,1.0
914,1435996986289,1.0
915,1435996986311,1.0
916,1435996986327,1.0
917,1435996986347,0.0
918,1435996986368,0.0
919,1435996986389,0.0
920,1435996986409,0.0
921,1435996986427,0.0
922,1435996986448,0.0
923,1435996986470,0.0
924,1435996986489,0.0
925,1435996986514,0.0
926,1435996986527,0.0
927,1435996986547,0.0
928,1435996986568,0.0
929,1435996986589,0.0
930,1435996986610,0.0
931,1435996986628,0.0
932,1435996986648,0.0
933,1435996986668,0.0
934,1435996986689,0.0
935,1435996986709,0.0
936,1435996986728,0.0
937,1435996986748,0.0
938,1435996986775,0.0
939,1435996986833,0.0
940,1435996986834,0.0
941,1435996986835,0.0
942,1435996986861,0.0
943,1435996986871,0.0
944,1435996986891,0.0
945,1435996986914,0.0
946,1435996986928,0.0
947,1435996986950,0.0
948,1435996986969,0.0
949,1435996986988,0.0
950,1435996987009,0.0
951,1435996987028,0.0
952,1435996987048,0.0
953,1435996987069,0.0
954,1435996987089,0.0
955,1435996987109,0.0
956,1435996987128,0.0
957,1435996987148,0.0
958,1435996987169,0.0
959,1435996987190,0.0
960,1435996987210,0.0
961,1435996987230,0.0
962,1435996987252,0.0
963,1435996987271,0.0
964,1435996987290,0.0
965,1435996987310,0.0
966,1435996987329,0.0
967,1435996987348,0.0
968,1435996987369,0.0
969,1435996987393,0.0
970,1435996987414,0.0
971,1435996987430,0.0
972,1435996987451,0.0
973,1435996987469,0.0
974,1435996987488,0.0
975,1435996987509,0.0
976,1435996987578,0.0
977,1435996987579,0.0
978,1435996987580,0.0
979,1435996987601,0.0
980,1435996987610,0.0
981,1435996987629,0.0
982,1435996987649,0.0
983,1435996987668,0.0
984,1435996987689,0.0
985,1435996987710,0.0
986,1435996987730,0.0
987,1435996987749,0.0
988,1435996987769,0.0
989,1435996987791,0.0
990,1435996987810,0.0
991,1435996987829,0.0
992,1435996987849,0.0
993,1435996987871,0.0
994,1435996987892,0.0
995,1435996987912,0.0
996,1435996987929,0.0
997,1435996987951,0.0
998,1435996987971,0.0
999,1435996987991,0.0
1000,1435996988011,0.0
1001,1435996988030,0.0
1002,1435996988050,0.0
1003,1435996988071,0.0
1004,1435996988089,0.0
1005,1435996988112,0.0
1006,1435996988132,0.0
1007,1435996988152,0.0
1008,1435996988173,0.0
1009,1435996988192,0.0
1010,1435996988211,0.0
1011,1435996988229,0.0
1012,1435996988251,0.0
1013,1435996988273,0.0
1014,1435996988357,0.0
1015,1435996988358,0.0
1016,1435996988359,0.0
1017,1435996988360,0.0
1018,1435996988377,0.0
1019,1435996988389,0.0
1020,1435996988412,0.0
1021,1435996988429,0.0
1022,1435996988449,0.0
1023,1435996988469,0.0
1024,1435996988489,0.0
1025,1435996988511,0.0
1026,1435996988530,0.0
1027,1435996988549,0.0
1028,1435996988571,0.0
1029,1435996988592,0.0
1030,1435996988612,0.0
1031,1435996988630,0.0
1032,1435996988650,0.0
1033,1435996988673,0.0
1034,1435996988693,0.0
1035,1435996988712,0.0
1036,1435996988732,0.0
1037,1435996988750,0.0
1038,1435996988773,0.0
1039,1435996988793,0.0
1040,1435996988813,0.0
1041,1435996988833,0.0
1042,1435996988852,0.0
1043,1435996988871,0.0
1044,1435996988890,0.0
1045,1435996988910,0.0
1046,1435996988931,0.0
1047,1435996988953,0.0
1048,1435996988976,0.0
1049,1435996988994,0.0
1050,1435996989015,0.0
1051,1435996989093,0.0
1052,1435996989094,0.0
1053,1435996989095,0.0
1054,1435996989096,0.0
1055,1435996989110,0.0
1056,1435996989137,0.0
1057,1435996989152,0.0
1058,1435996989171,0.0
1059,1435996989193,0.0
1060,1435996989211,0.0
1061,1435996989232,0.0
1062,1435996989252,0.0
1063,1435996989271,0.0
1064,1435996989293,0.0
1065,1435996989313,0.0
1066,1435996989333,0.0
1067,1435996989354,0.0
1068,1435996989374,0.0
1069,1435996989392,0.0
1070,1435996989411,0.0
1071,1435996989430,0.0
1072,1435996989451,0.0
1073,1435996989475,0.0
1074,1435996989490,0.0
1075,1435996989513,0.0
1076,1435996989533,0.0
1077,1435996989553,0.0
1078,1435996989574,0.0
1079,1435996989591,0.0
1080,1435996989612,0.0
1081,1435996989632,0.0
1082,1435996989650,0.0
1083,1435996989673,0.0
1084,1435996989694,0.0
1085,1435996989714,0.0
1086,1435996989733,0.0
1087,1435996989757,0.0
1088,1435996989811,0.0
1089,1435996989812,0.0
1090,1435996989813,0.0
1091,1435996989836,0.0
1092,1435996989853,0.0
1093,1435996989875,0.0
1094,1435996989891,0.0
1095,1435996989912,0.0
1096,1435996989933,0.0
1097,1435996989951,0.0
1098,1435996989971,0.0
1099,1435996989991,0.0
1100,1435996990015,0.0
1101,1435996990032,0.0
1102,1435996990052,0.0
1103,1435996990071,0.0
1104,1435996990095,0.0
1105,1435996990114,0.0
1106,1435996990134,0.0
1107,1435996990154,0.0
1108,1435996990174,0.0
1109,1435996990196,0.0
1110,1435996990215,0.0
1111,1435996990234,0.0
1112,1435996990252,0.0
1113,1435996990271,0.0
1114,1435996990293,0.0
1115,1435996990316,0.0
1116,1435996990334,0.0
1117,1435996990354,0.0
1118,1435996990375,0.0
1119,1435996990394,0.0
1120,1435996990415,0.0
1121,1435996990434,0.0
1122,1435996990461,0.0
1123,1435996990516,0.0
1124,1435996990517,0.0
1125,1435996990518,0.0
1126,1435996990541,0.0
1127,1435996990551,0.0
1128,1435996990573,0.0
1129,1435996990592,0.0
1130,1435996990611,0.0
1131,1435996990631,0.0
1132,1435996990653,0.0
1133,1435996990674,0.0
1134,1435996990695,0.0
1135,1435996990711,0.0
1136,1435996990732,1.0
1137,1435996990752,1.0
1138,1435996990775,1.0
1139,1435996990795,1.0
1140,1435996990815,1.0
1141,1435996990835,1.0
1142,1435996990855,1.0
1143,1435996990875,1.0
1144,1435996990893,1.0
1145,1435996990915,1.0
1146,1435996990932,1.0
1147,1435996990953,1.0
1148,1435996990973,1.0
1149,1435996990992,1.0
1150,1435996991012,1.0
1151,1435996991038,1.0
1152,1435996991058,1.0
1153,1435996991079,1.0
1154,1435996991096,1.0
1155,1435996991111,1.0
1156,1435996991132,1.0
1157,1435996991152,1.0
1158,1435996991173,1.0
1159,1435996991195,1.0
1160,1435996991246,1.0
1161,1435996991263,1.0
1162,1435996991264,1.0
1163,1435996991274,1.0
1164,1435996991293,1.0
1165,1435996991316,1.0
1166,1435996991333,1.0
1167,1435996991353,0.0
1168,1435996991389,0.0
1169,1435996991417,1.0
1170,1435996991418,1.0
1171,1435996991438,1.0
1172,1435996991455,1.0
1173,1435996991475,1.0
1174,1435996991493,1.0
1175,1435996991513,1.0
1176,1435996991533,1.0
1177,1435996991552,1.0
1178,1435996991575,1.0
1179,1435996991593,1.0
1180,1435996991612,1.0
1181,1435996991633,1.0
1182,1435996991653,1.0
1183,1435996991674,1.0
1184,1435996991694,1.0
1185,1435996991711,1.0
1186,1435996991735,1.0
1187,1435996991753,1.0
1188,1435996991771,1.0
1189,1435996991793,1.0
1190,1435996991813,1.0
1191,1435996991834,2.0
1192,1435996991854,2.0
1193,1435996991877,2.0
1194,1435996991896,1.0
1195,1435996991913,1.0
1196,1435996991932,1.0
1197,1435996991955,1.0
1198,1435996991975,2.0
1199,1435996991993,2.0
1200,1435996992012,2.0
1201,1435996992031,2.0
1202,1435996992053,2.0
1203,1435996992073,2.0
1204,1435996992092,2.0
1205,1435996992116,2.0
1206,1435996992133,2.0
1207,1435996992152,1.0
1208,1435996992174,1.0
1209,1435996992193,1.0
1210,1435996992214,1.0
1211,1435996992237,1.0
1212,1435996992257,1.0
1213,1435996992276,1.0
1214,1435996992294,2.0
1215,1435996992313,2.0
1216,1435996992335,2.0
1217,1435996992357,2.0
1218,1435996992376,2.0
1219,1435996992397,2.0
1220,1435996992417,2.0
1221,1435996992436,2.0
1222,1435996992456,2.0
1223,1435996992477,2.0
1224,1435996992497,2.0
1225,1435996992516,2.0
1226,1435996992535,2.0
1227,1435996992553,2.0
1228,1435996992573,2.0
1229,1435996992638,2.0
1230,1435996992639,2.0
1231,1435996992640,2.0
1232,1435996992655,2.0
1233,1435996992674,2.0
1234,1435996992701,2.0
1235,1435996992715,3.0
1236,1435996992736,3.0
1237,1435996992754,3.0
1238,1435996992774,3.0
1239,1435996992794,3.0
1240,1435996992813,3.0
1241,1435996992834,3.0
1242,1435996992856,4.0
1243,1435996992874,4.0
1244,1435996992893,4.0
1245,1435996992915,4.0
1246,1435996992938,4.0
1247,1435996992956,4.0
1248,1435996992983,4.0
1249,1435996992999,5.0
1250,1435996993015,5.0
1251,1435996993035,5.0
1252,1435996993054,5.0
1253,1435996993075,5.0
1254,1435996993096,5.0
1255,1435996993116,4.0
1256,1435996993137,4.0
1257,1435996993185,4.0
1258,1435996993186,4.0
1259,1435996993196,4.0
1260,1435996993216,5.0
1261,1435996993236,5.0
1262,1435996993264,5.0
1263,1435996993324,5.0
1264,1435996993325,5.0
1265,1435996993326,5.0
1266,1435996993344,4.0
1267,1435996993354,4.0
1268,1435996993401,4.0
1269,1435996993402,4.0
1270,1435996993428,4.0
1271,1435996993563,4.0
1272,1435996993564,4.0
1273,1435996993578,5.0
1274,1435996993579,5.0
1275,1435996993580,5.0
1276,1435996993581,5.0
1277,1435996993582,6.0
1278,1435996993583,6.0
1279,1435996993618,6.0
1280,1435996993619,6.0
1281,1435996993659,6.0
1282,1435996993660,5.0
1283,1435996993675,5.0
1284,1435996993695,7.0
1285,1435996993714,7.0
1286,1435996993734,7.0
1287,1435996993754,7.0
1288,1435996993774,6.0
1289,1435996993795,6.0
1290,1435996993813,6.0
1291,1435996993834,6.0
1292,1435996993854,6.0
1293,1435996993874,6.0
1294,1435996993894,6.0
1295,1435996993913,6.0
1296,1435996993934,6.0
1297,1435996993959,6.0
1298,1435996993973,7.0
1299,1435996993993,7.0
1300,1435996994014,7.0
1301,1435996994034,7.0
1302,1435996994054,8.0
1303,1435996994074,8.0
1304,1435996994096,8.0
1305,1435996994114,8.0
1306,1435996994134,9.0
1307,1435996994154,9.0
1308,1435996994174,10.0
1309,1435996994193,11.0
1310,1435996994213,11.0
1311,1435996994233,11.0
1312,1435996994253,11.0
1313,1435996994273,11.0
1314,1435996994293,11.0
1315,1435996994313,11.0
1316,1435996994333,11.0
1317,1435996994353,11.0
1318,1435996994373,11.0
1319,1435996994393,11.0
1320,1435996994413,12.0
1321,1435996994433,12.0
1322,1435996994454,12.0
1323,1435996994476,12.0
1324,1435996994494,12.0
1325,1435996994514,12.0
1326,1435996994534,12.0
1327,1435996994554,12.0
1328,1435996994575,11.0
1329,1435996994594,11.0
1330,1435996994614,10.0
1331,1435996994634,11.0
1332,1435996994657,11.0
1333,1435996994674,11.0
1334,1435996994694,11.0
1335,1435996994714,12.0
1336,1435996994734,12.0
1337,1435996994754,13.0
1338,1435996994774,13.0
1339,1435996994794,14.0
1340,1435996994814,16.0
1341,1435996994834,16.0
1342,1435996994854,16.0
1343,1435996994874,16.0
1344,1435996994894,13.0
1345,1435996994914,13.0
1346,1435996994934,12.0
1347,1435996994954,12.0
1348,1435996994974,17.0
1349,1435996994994,17.0
1350,1435996995014,18.0
1351,1435996995034,18.0
1352,1435996995054,18.0
1353,1435996995074,17.0
1354,1435996995094,17.0
1355,1435996995114,17.0
1356,1435996995134,17.0
1357,1435996995154,18.0
1358,1435996995174,18.0
1359,1435996995195,19.0
1360,1435996995215,19.0
1361,1435996995236,20.0
1362,1435996995255,22.0
1363,1435996995275,22.0
1364,1435996995295,23.0
1365,1435996995315,23.0
1366,1435996995335,22.0
1367,1435996995355,22.0
1368,1435996995375,27.0
1369,1435996995395,27.0
1370,1435996995415,30.0
1371,1435996995435,30.0
1372,1435996995455,30.0
1373,1435996995475,28.0
1374,1435996995495,28.0
1375,1435996995515,28.0
1376,1435996995535,28.0
1377,1435996995555,29.0
1378,1435996995575,29.0
1379,1435996995595,28.0
1380,1435996995615,28.0
1381,1435996995635,28.0
1382,1435996995655,28.0
1383,1435996995675,28.0
1384,1435996995696,27.0
1385,1435996995715,27.0
1386,1435996995735,27.0
1387,1435996995755,27.0
1388,1435996995775,27.0
1389,1435996995795,27.0
1390,1435996995815,25.0
1391,1435996995835,25.0
1392,1435996995855,24.0
1393,1435996995875,22.0
1394,1435996995895,22.0
1395,1435996995915,19.0
1396,1435996995935,19.0
1397,1435996995955,15.0
1398,1435996995975,15.0
1399,1435996995995,14.0
1400,1435996996015,14.0
1401,1435996996035,11.0
1402,1435996996055,11.0
1403,1435996996075,9.0
1404,1435996996095,7.0
1405,1435996996115,7.0
1406,1435996996135,5.0
1407,1435996996155,5.0
1408,1435996996175,3.0
1409,1435996996195,3.0
1410,1435996996215,2.0
1411,1435996996235,2.0
1412,1435996996255,1.0
1413,1435996996279,1.0
1414,1435996996297,1.0
1415,1435996996316,1.0
1416,1435996996336,1.0
1417,1435996996357,0.0
1418,1435996996391,0.0
1419,1435996996403,0.0
1420,1435996996422,0.0
1421,1435996996436,0.0
1422,1435996996457,0.0
1423,1435996996477,0.0
1424,1435996996497,0.0
1425,1435996996519,0.0
1426,1435996996537,0.0
1427,1435996996558,0.0
1428,1435996996576,0.0
1429,1435996996596,0.0
1430,1435996996618,0.0
1431,1435996996638,0.0
1432,1435996996657,0.0
1433,1435996996677,0.0
1434,1435996996699,0.0
1435,1435996996718,0.0
1436,1435996996737,0.0
1437,1435996996758,0.0
1438,1435996996778,0.0
1439,1435996996799,0.0
1440,1435996996818,0.0
1441,1435996996839,0.0
1442,1435996996859,0.0
1443,1435996996880,0.0
1444,1435996996900,0.0
1445,1435996996923,0.0
1446,1435996996937,0.0
1447,1435996996958,0.0
1448,1435996996984,0.0
1449,1435996997027,0.0
1450,1435996997028,0.0
1451,1435996997038,0.0
1452,1435996997057,0.0
1453,1435996997077,0.0
1454,1435996997097,0.0
1455,1435996997118,0.0
1456,1435996997138,0.0
1457,1435996997157,0.0
1458,1435996997179,0.0
1459,1435996997198,0.0
1460,1435996997219,0.0
1461,1435996997239,0.0
1462,1435996997259,0.0
1463,1435996997278,0.0
1464,1435996997299,0.0
1465,1435996997318,0.0
1466,1435996997337,0.0
1467,1435996997381,0.0
1468,1435996997382,0.0
1469,1435996997408,0.0
1470,1435996997419,0.0
1471,1435996997446,0.0
1472,1435996997462,0.0
1473,1435996997480,0.0
1474,1435996997499,0.0
1475,1435996997520,0.0
1476,1435996997546,0.0
1477,1435996997592,0.0
1478,1435996997596,0.0
1479,1435996997787,0.0
1480,1435996997788,0.0
1481,1435996997789,0.0
1482,1435996997790,0.0
1483,1435996997791,0.0
1484,1435996997792,0.0
1485,1435996997793,0.0
1486,1435996997794,0.0
1487,1435996997795,0.0
1488,1435996997796,0.0
1489,1435996997811,0.0
1490,1435996997818,0.0
1491,1435996997839,0.0
1492,1435996997866,0.0
1493,1435996997899,0.0
1494,1435996997900,0.0
1495,1435996997919,0.0
1496,1435996997945,0.0
1497,1435996997959,0.0
1498,1435996997978,0.0
1499,1435996997998,0.0
1500,1435996998018,0.0
1501,1435996998038,0.0
1502,1435996998059,0.0
1503,1435996998083,0.0
1504,1435996998098,0.0
1505,1435996998119,0.0
1506,1435996998138,0.0
1507,1435996998158,0.0
1508,1435996998179,0.0
1509,1435996998197,0.0
1510,1435996998217,0.0
1511,1435996998237,0.0
1512,1435996998257,0.0
1513,1435996998277,0.0
1514,1435996998297,0.0
1515,1435996998317,0.0
1516,1435996998337,0.0
1517,1435996998357,0.0
1518,1435996998377,0.0
1519,1435996998397,0.0
1520,1435996998417,0.0
1521,1435996998438,0.0
1522,1435996998458,0.0
1523,1435996998478,0.0
1524,1435996998498,0.0
1525,1435996998518,0.0
1526,1435996998538,0.0
1527,1435996998558,0.0
1528,1435996998578,0.0
1529,1435996998598,0.0
1530,1435996998617,0.0
1531,1435996998638,0.0
1532,1435996998658,0.0
1533,1435996998678,0.0
1534,1435996998698,0.0
1535,1435996998718,0.0
1536,1435996998738,0.0
1537,1435996998758,0.0
1538,1435996998778,0.0
1539,1435996998798,0.0
1540,1435996998818,0.0
1541,1435996998838,0.0
1542,1435996998858,0.0
1543,1435996998878,0.0
1544,1435996998898,0.0
1545,1435996998918,0.0
1546,1435996998938,0.0
1547,1435996998958,0.0
1548,1435996998978,0.0
1549,1435996998998,0.0
1550,1435996999018,0.0
1551,1435996999038,0.0
1552,1435996999058,0.0
1553,1435996999078,0.0
1554,1435996999098,0.0
1555,1435996999118,0.0
1556,1435996999138,0.0
1557,1435996999158,0.0
1558,1435996999178,0.0
1559,1435996999198,0.0
1560,1435996999218,0.0
1561,1435996999238,0.0
1562,1435996999258,0.0
1563,1435996999278,0.0
1564,1435996999298,0.0
1565,1435996999318,0.0
1566,1435996999338,0.0
1567,1435996999358,0.0
1568,1435996999378,0.0
1569,1435996999399,0.0
1570,1435996999418,0.0
1571,1435996999439,0.0
1572,1435996999459,0.0
1573,1435996999479,0.0
1574,1435996999499,0.0
1575,1435996999519,0.0
1576,1435996999539,0.0
1577,1435996999559,0.0
1578,1435996999579,0.0
1579,1435996999599,0.0
1580,1435996999619,0.0
1581,1435996999639,0.0
1582,1435996999659,0.0
1583,1435996999679,0.0
1584,1435996999700,0.0
1585,1435996999719,0.0
1586,1435996999739,0.0
1587,1435996999759,0.0
1588,1435996999779,0.0
1589,1435996999799,0.0
1590,1435996999819,0.0
1591,1435996999839,0.0
1592,1435996999859,0.0
1593,1435996999879,0.0
1594,1435996999899,0.0
1595,1435996999919,0.0
1596,1435996999939,0.0
1597,1435996999959,0.0
1598,1435996999981,0.0
1599,1435996999999,0.0
1600,1435997000019,0.0
1601,1435997000039,0.0
1602,1435997000060,0.0
1603,1435997000079,0.0
1604,1435997000099,0.0
1605,1435997000119,0.0
1606,1435997000139,0.0
1607,1435997000159,0.0
1608,1435997000179,0.0
1609,1435997000200,0.0
1610,1435997000220,0.0
1611,1435997000240,0.0
1612,1435997000259,0.0
1613,1435997000279,0.0
1614,1435997000300,0.0
1615,1435997000320,0.0
1616,1435997000340,0.0
1617,1435997000360,0.0
1618,1435997000380,0.0
1619,1435997000400,0.0
1620,1435997000420,0.0
1621,1435997000440,0.0
1622,1435997000460,0.0
1623,1435997000480,0.0
1624,1435997000500,0.0
1625,1435997000520,0.0
1626,1435997000540,0.0
1627,1435997000560,0.0
1628,1435997000580,0.0
1629,1435997000600,0.0
1630,1435997000620,0.0
1631,1435997000640,0.0
1632,1435997000660,0.0
1633,1435997000680,0.0
1634,1435997000700,0.0
1635,1435997000720,0.0
1636,1435997000740,0.0
1637,1435997000760,0.0
1638,1435997000780,0.0
1639,1435997000800,0.0
1640,1435997000820,0.0
1641,1435997000840,0.0
1642,1435997000860,0.0
1643,1435997000880,0.0
1644,1435997000900,0.0
1645,1435997000920,0.0
1646,1435997000940,0.0
1647,1435997000960,0.0
1648,1435997000980,0.0
1649,1435997001000,0.0
1650,1435997001020,0.0
1651,1435997001040,0.0
1652,1435997001060,0.0
1653,1435997001081,0.0
1654,1435997001100,0.0
1655,1435997001120,0.0
1656,1435997001140,0.0
1657,1435997001160,0.0
1658,1435997001180,0.0
1659,1435997001201,0.0
1660,1435997001221,0.0
1661,1435997001241,0.0
1662,1435997001261,0.0
1663,1435997001281,0.0
1664,1435997001301,0.0
1665,1435997001321,0.0
1666,1435997001341,0.0
1667,1435997001361,0.0
1668,1435997001381,0.0
1669,1435997001401,0.0
1670,1435997001421,0.0
1671,1435997001441,0.0
1672,1435997001461,0.0
1673,1435997001481,0.0
1674,1435997001501,0.0
1675,1435997001521,0.0
1676,1435997001542,0.0
1677,1435997001561,0.0
1678,1435997001582,0.0
1679,1435997001601,0.0
1680,1435997001621,0.0
1681,1435997001641,0.0
1682,1435997001661,0.0
1683,1435997001681,0.0
1684,1435997001701,0.0
1685,1435997001721,0.0
1686,1435997001741,0.0
1687,1435997001761,0.0
1688,1435997001781,0.0
1689,1435997001801,0.0
1690,1435997001821,0.0
1691,1435997001845,0.0
1692,1435997001861,0.0
1693,1435997001899,0.0
1694,1435997001901,0.0
1695,1435997001921,0.0
1696,1435997001941,0.0
1697,1435997001961,0.0
1698,1435997001985,0.0
1699,1435997002005,0.0
1700,1435997002023,0.0
1701,1435997002042,0.0
1702,1435997002063,0.0
1703,1435997002083,0.0
1704,1435997002103,0.0
1705,1435997002123,0.0
1706,1435997002141,0.0
1707,1435997002162,0.0
1708,1435997002181,0.0
1709,1435997002201,0.0
1710,1435997002224,0.0
1711,1435997002242,0.0
1712,1435997002264,0.0
1713,1435997002283,0.0
1714,1435997002306,0.0
1715,1435997002326,0.0
1716,1435997002346,0.0
1717,1435997002363,0.0
1718,1435997002383,0.0
1719,1435997002402,0.0
1720,1435997002425,0.0
1721,1435997002446,0.0
1722,1435997002467,0.0
1723,1435997002483,0.0
1724,1435997002504,0.0
1725,1435997002522,0.0
1726,1435997002542,0.0
1727,1435997002562,0.0
1728,1435997002586,0.0
1729,1435997002606,0.0
1730,1435997002626,0.0
1731,1435997002646,0.0
1732,1435997002662,0.0
1733,1435997002682,0.0
1734,1435997002703,0.0
1735,1435997002733,0.0
1736,1435997002788,0.0
1737,1435997002789,0.0
1738,1435997002790,0.0
1739,1435997002808,0.0
1740,1435997002824,0.0
1741,1435997002845,0.0
1742,1435997002864,0.0
1743,1435997002883,0.0
1744,1435997002905,0.0
1745,1435997002924,0.0
1746,1435997002943,0.0
1747,1435997002966,0.0
1748,1435997002984,0.0
1749,1435997003003,0.0
1750,1435997003025,0.0
1751,1435997003047,0.0
1752,1435997003067,0.0
1753,1435997003088,1.0
1754,1435997003107,1.0
1755,1435997003126,1.0
1756,1435997003145,1.0
1757,1435997003198,1.0
1758,1435997003199,1.0
1759,1435997003203,1.0
1760,1435997003226,1.0
1761,1435997003246,1.0
1762,1435997003264,1.0
1763,1435997003283,1.0
1764,1435997003310,1.0
1765,1435997003329,1.0
1766,1435997003350,1.0
1767,1435997003368,1.0
1768,1435997003383,1.0
1769,1435997003405,1.0
1770,1435997003425,0.0
1771,1435997003444,0.0
1772,1435997003464,0.0
1773,1435997003559,0.0
1774,1435997003560,0.0
1775,1435997003561,0.0
1776,1435997003562,0.0
1777,1435997003569,1.0
1778,1435997003591,1.0
1779,1435997003629,1.0
1780,1435997003630,1.0
1781,1435997003644,1.0
1782,1435997003665,1.0
1783,1435997003686,1.0
1784,1435997003704,1.0
1785,1435997003726,1.0
1786,1435997003744,1.0
1787,1435997003765,1.0
1788,1435997003786,1.0
1789,1435997003807,1.0
1790,1435997003826,1.0
1791,1435997003867,1.0
1792,1435997003868,1.0
1793,1435997003889,1.0
1794,1435997003908,1.0
1795,1435997003926,1.0
1796,1435997003944,1.0
1797,1435997003965,1.0
1798,1435997004055,1.0
1799,1435997004056,1.0
1800,1435997004057,1.0
1801,1435997004058,1.0
1802,1435997004065,1.0
1803,1435997004086,1.0
1804,1435997004106,1.0
1805,1435997004124,1.0
1806,1435997004144,1.0
1807,1435997004164,1.0
1808,1435997004186,1.0
1809,1435997004204,1.0
1810,1435997004224,1.0
1811,1435997004244,1.0
1812,1435997004265,1.0
1813,1435997004296,1.0
1814,1435997004314,1.0
1815,1435997004331,1.0
1816,1435997004345,1.0
1817,1435997004366,1.0
1818,1435997004385,1.0
1819,1435997004408,1.0
1820,1435997004445,1.0
1821,1435997004446,1.0
1822,1435997004486,1.0
1823,1435997004487,1.0
1824,1435997004541,1.0
1825,1435997004542,1.0
1826,1435997004559,1.0
1827,1435997004647,1.0
1828,1435997004648,1.0
1829,1435997004649,1.0
1830,1435997004650,1.0
1831,1435997004651,1.0
1832,1435997004700,1.0
1833,1435997004701,1.0
1834,1435997004703,1.0
1835,1435997004724,1.0
1836,1435997004744,1.0
1837,1435997004764,1.0
1838,1435997004786,1.0
1839,1435997004804,1.0
1840,1435997004824,1.0
1841,1435997004844,1.0
1842,1435997004863,1.0
1843,1435997004884,2.0
1844,1435997004904,2.0
1845,1435997004924,1.0
1846,1435997004944,2.0
1847,1435997004964,2.0
1848,1435997004984,2.0
1849,1435997005004,2.0
1850,1435997005024,2.0
1851,1435997005044,2.0
1852,1435997005064,2.0
1853,1435997005084,2.0
1854,1435997005104,2.0
1855,1435997005124,2.0
1856,1435997005144,2.0
1857,1435997005164,2.0
1858,1435997005184,2.0
1859,1435997005205,2.0
1860,1435997005225,2.0
1861,1435997005245,2.0
1862,1435997005265,2.0
1863,1435997005285,2.0
1864,1435997005305,2.0
1865,1435997005325,2.0
1866,1435997005345,2.0
1867,1435997005364,2.0
1868,1435997005385,2.0
1869,1435997005405,2.0
1870,1435997005425,2.0
1871,1435997005445,2.0
1872,1435997005465,3.0
1873,1435997005485,3.0
1874,1435997005505,3.0
1875,1435997005525,3.0
1876,1435997005545,3.0
1877,1435997005565,3.0
1878,1435997005585,3.0
1879,1435997005605,3.0
1880,1435997005625,3.0
1881,1435997005645,4.0
1882,1435997005665,4.0
1883,1435997005685,4.0
1884,1435997005705,4.0
1885,1435997005725,5.0
1886,1435997005745,5.0
1887,1435997005765,5.0
1888,1435997005787,5.0
1889,1435997005806,5.0
1890,1435997005825,5.0
1891,1435997005845,5.0
1892,1435997005865,6.0
1893,1435997005892,6.0
1894,1435997005906,7.0
1895,1435997005925,7.0
1896,1435997005946,8.0
1897,1435997005965,8.0
1898,1435997005985,153.0
1899,1435997006006,9416.0
1900,1435997006025,9416.0
1901,1435997006046,10513.0
1902,1435997006065,10513.0
1903,1435997006085,10310.0
1904,1435997006105,10310.0
1905,1435997006130,3058.0
1906,1435997006147,3058.0
1907,1435997006166,73.0
1908,1435997006186,415.0
1909,1435997006206,14.0
1910,1435997006226,18.0
1911,1435997006246,18.0
1912,1435997006266,15.0
1913,1435997006286,15.0
1914,1435997006306,10.0
1915,1435997006326,10.0
1916,1435997006346,7.0
1917,1435997006379,7.0
1918,1435997006386,7.0
1919,1435997006409,7.0
1920,1435997006426,7.0
1921,1435997006451,6.0
1922,1435997006466,6.0
1923,1435997006487,5.0
1924,1435997006509,5.0
1925,1435997006526,4.0
1926,1435997006548,4.0
1927,1435997006566,4.0
1928,1435997006588,4.0
1929,1435997006608,5.0
1930,1435997006627,5.0
1931,1435997006646,5.0
1932,1435997006666,5.0
1933,1435997006686,5.0
1934,1435997006706,5.0
1935,1435997006727,5.0
1936,1435997006747,5.0
1937,1435997006766,5.0
1938,1435997006786,5.0
1939,1435997006806,5.0
1940,1435997006826,4.0
1941,1435997006846,4.0
1942,1435997006866,4.0
1943,1435997006886,4.0
1944,1435997006906,4.0
1945,1435997006926,4.0
1946,1435997006946,4.0
1947,1435997006966,4.0
1948,1435997006986,4.0
1949,1435997007006,4.0
1950,1435997007026,4.0
1951,1435997007046,4.0
1952,1435997007066,4.0
1953,1435997007087,4.0
1954,1435997007107,4.0
1955,1435997007126,4.0
1956,1435997007146,5.0
1957,1435997007166,5.0
1958,1435997007186,5.0
1959,1435997007206,5.0
1960,1435997007226,5.0
1961,1435997007246,5.0
1962,1435997007266,5.0
1963,1435997007286,5.0
1964,1435997007306,5.0
1965,1435997007327,6.0
1966,1435997007347,6.0
1967,1435997007367,6.0
1968,1435997007396,6.0
1969,1435997007409,6.0
1970,1435997007428,6.0
1971,1435997007448,6.0
1972,1435997007468,6.0
1973,1435997007488,6.0
1974,1435997007508,6.0
1975,1435997007534,6.0
1976,1435997007552,6.0
1977,1435997007675,6.0
1978,1435997007676,6.0
1979,1435997007677,6.0
1980,1435997007678,7.0
1981,1435997007679,7.0
1982,1435997007680,7.0
1983,1435997007693,8.0
1984,1435997007710,8.0
1985,1435997007729,9.0
1986,1435997007748,9.0
1987,1435997007768,10.0
1988,1435997007790,10.0
1989,1435997007810,11.0
1990,1435997007829,11.0
1991,1435997007862,11.0
1992,1435997007868,11.0
1993,1435997007889,11.0
1994,1435997007909,11.0
1995,1435997007929,11.0
1996,1435997007951,10.0
1997,1435997007971,10.0
1998,1435997007991,10.0
1999,1435997008012,10.0
2000,1435997008031,10.0
2001,1435997008051,10.0
2002,1435997008069,9.0
2003,1435997008089,10.0
2004,1435997008109,10.0
2005,1435997008128,10.0
2006,1435997008148,10.0
2007,1435997008168,11.0
2008,1435997008188,11.0
2009,1435997008207,11.0
2010,1435997008227,11.0
2011,1435997008247,11.0
2012,1435997008267,11.0
2013,1435997008287,12.0
2014,1435997008307,14.0
2015,1435997008328,14.0
2016,1435997008347,15.0
2017,1435997008368,15.0
2018,1435997008388,17.0
2019,1435997008407,17.0
2020,1435997008428,19.0
2021,1435997008448,19.0
2022,1435997008468,19.0
2023,1435997008488,19.0
2024,1435997008508,18.0
2025,1435997008528,18.0
2026,1435997008548,18.0
2027,1435997008568,17.0
2028,1435997008588,17.0
2029,1435997008608,16.0
2030,1435997008628,16.0
2031,1435997008648,14.0
2032,1435997008668,14.0
2033,1435997008688,13.0
2034,1435997008707,12.0
2035,1435997008727,12.0
2036,1435997008747,12.0
2037,1435997008769,12.0
2038,1435997008787,13.0
2039,1435997008808,13.0
2040,1435997008828,13.0
2041,1435997008848,13.0
2042,1435997008868,15.0
2043,1435997008889,15.0
2044,1435997008909,18.0
2045,1435997008929,20.0
2046,1435997008948,20.0
2047,1435997008972,24.0
2048,1435997008988,24.0
2049,1435997009008,27.0
2050,1435997009028,27.0
2051,1435997009048,33.0
2052,1435997009068,33.0
2053,1435997009088,41.0
2054,1435997009108,41.0
2055,1435997009128,51.0
2056,1435997009148,56.0
2057,1435997009168,56.0
2058,1435997009188,56.0
2059,1435997009208,56.0
2060,1435997009228,57.0
2061,1435997009248,57.0
2062,1435997009268,59.0
2063,1435997009290,59.0
2064,1435997009308,64.0
2065,1435997009330,64.0
2066,1435997009348,68.0
2067,1435997009368,74.0
2068,1435997009388,74.0
2069,1435997009408,77.0
2070,1435997009428,77.0
2071,1435997009448,83.0
2072,1435997009468,83.0
2073,1435997009488,90.0
2074,1435997009508,90.0
2075,1435997009532,95.0
2076,1435997009549,95.0
2077,1435997009569,95.0
2078,1435997009589,105.0
2079,1435997009609,105.0
2080,1435997009629,114.0
2081,1435997009648,114.0
2082,1435997009668,126.0
2083,1435997009688,126.0
2084,1435997009708,141.0
2085,1435997009728,141.0
2086,1435997009748,156.0
2087,1435997009768,175.0
2088,1435997009789,175.0
2089,1435997009809,193.0
2090,1435997009828,193.0
2091,1435997009849,214.0
2092,1435997009869,214.0
2093,1435997009889,243.0
2094,1435997009909,243.0
2095,1435997009931,287.0
2096,1435997009950,287.0
2097,1435997009969,363.0
2098,1435997009989,406.0
2099,1435997010009,406.0
2100,1435997010029,441.0
2101,1435997010049,441.0
2102,1435997010069,459.0
2103,1435997010089,459.0
2104,1435997010109,467.0
2105,1435997010129,467.0
2106,1435997010149,512.0
2107,1435997010169,512.0
2108,1435997010189,555.0
2109,1435997010209,631.0
2110,1435997010229,631.0
2111,1435997010250,1130.0
2112,1435997010269,1130.0
2113,1435997010289,21927.0
2114,1435997010309,21927.0
2115,1435997010329,16880.0
2116,1435997010349,16880.0
2117,1435997010369,15875.0
2118,1435997010389,15875.0
2119,1435997010409,17170.0
2120,1435997010429,19053.0
2121,1435997010450,19053.0
2122,1435997010469,0.0
2123,1435997010489,16555.0
2124,1435997010509,16555.0
2125,1435997010530,16491.0
2126,1435997010549,16491.0
2127,1435997010570,15816.0
2128,1435997010589,15816.0
2129,1435997010609,17012.0
2130,1435997010629,17012.0
2131,1435997010650,16219.0
2132,1435997010669,0.0
2133,1435997010689,16666.0
2134,1435997010711,16666.0
2135,1435997010730,15853.0
2136,1435997010750,15853.0
2137,1435997010770,15808.0
2138,1435997010790,15808.0
2139,1435997010810,16393.0
2140,1435997010830,16393.0
2141,1435997010850,16218.0
2142,1435997010870,0.0
2143,1435997010890,15888.0
2144,1435997010910,15888.0
2145,1435997010930,15293.0
2146,1435997010950,15293.0
2147,1435997010970,15836.0
2148,1435997010990,15836.0
2149,1435997011010,16045.0
2150,1435997011030,16045.0
2151,1435997011051,15135.0
2152,1435997011070,0.0
2153,1435997011090,12717.0
2154,1435997011110,12717.0
2155,1435997011130,14806.0
2156,1435997011150,14806.0
2157,1435997011170,12588.0
2158,1435997011190,12588.0
2159,1435997011210,14281.0
2160,1435997011230,14281.0
2161,1435997011250,16841.0
2162,1435997011270,16515.0
2163,1435997011290,16010.0
2164,1435997011310,14694.0
2165,1435997011330,14694.0
2166,1435997011350,13540.0
2167,1435997011371,13540.0
2168,1435997011390,0.0
2169,1435997011410,14255.0
2170,1435997011430,14255.0
2171,1435997011450,13734.0
2172,1435997011470,13734.0
2173,1435997011490,12877.0
2174,1435997011510,12877.0
2175,1435997011530,11924.0
2176,1435997011550,11924.0
2177,1435997011571,11620.0
2178,1435997011590,11710.0
2179,1435997011610,11722.0
2180,1435997011630,11996.0
2181,1435997011650,11996.0
2182,1435997011670,12002.0
2183,1435997011690,12002.0
2184,1435997011710,12196.0
2185,1435997011730,12196.0
2186,1435997011750,13207.0
2187,1435997011770,13207.0
2188,1435997011790,13756.0
2189,1435997011810,13423.0
2190,1435997011830,13423.0
2191,1435997011850,13156.0
2192,1435997011871,13156.0
2193,1435997011890,13522.0
2194,1435997011910,13522.0
2195,1435997011930,14215.0
2196,1435997011950,14215.0
2197,1435997011970,12751.0
2198,1435997011990,12751.0
2199,1435997012010,12363.0
2200,1435997012030,13086.0
2201,1435997012050,13086.0
2202,1435997012070,13792.0
2203,1435997012092,13792.0
2204,1435997012116,13039.0
2205,1435997012136,13039.0
2206,1435997012152,12424.0
2207,1435997012172,12424.0
2208,1435997012193,12439.0
2209,1435997012213,12439.0
2210,1435997012234,12363.0
2211,1435997012255,12159.0
2212,1435997012274,12159.0
2213,1435997012292,12588.0
2214,1435997012312,12588.0
2215,1435997012335,13338.0
2216,1435997012355,13338.0
2217,1435997012375,13570.0
2218,1435997012393,13570.0
2219,1435997012417,14291.0
2220,1435997012448,14939.0
2221,1435997012453,14488.0
2222,1435997012473,15093.0
2223,1435997012493,15093.0
2224,1435997012512,14780.0
2225,1435997012534,14780.0
2226,1435997012555,0.0
2227,1435997012572,15469.0
2228,1435997012595,15469.0
2229,1435997012614,13335.0
2230,1435997012632,13335.0
2231,1435997012655,12854.0
2232,1435997012677,12854.0
2233,1435997012696,12009.0
2234,1435997012712,12009.0
2235,1435997012732,12255.0
2236,1435997012765,12377.0
2237,1435997012773,12785.0
2238,1435997012793,13230.0
2239,1435997012814,13230.0
2240,1435997012835,14008.0
2241,1435997012856,14008.0
2242,1435997012877,16558.0
2243,1435997012892,16558.0
2244,1435997012912,15884.0
2245,1435997012932,15884.0
2246,1435997012952,16145.0
2247,1435997012973,15629.0
2248,1435997012993,15629.0
2249,1435997013012,0.0
2250,1435997013033,16027.0
2251,1435997013052,16027.0
2252,1435997013082,15989.0
2253,1435997013099,15989.0
2254,1435997013113,15459.0
2255,1435997013133,15459.0
2256,1435997013153,14792.0
2257,1435997013193,14792.0
2258,1435997013199,14964.0
2259,1435997013214,0.0
2260,1435997013232,15595.0
2261,1435997013253,15595.0
2262,1435997013277,13994.0
2263,1435997013296,13994.0
2264,1435997013313,13306.0
2265,1435997013332,13306.0
2266,1435997013354,13318.0
2267,1435997013377,13318.0
2268,1435997013397,12640.0
2269,1435997013416,13205.0
2270,1435997013436,13500.0
2271,1435997013452,13087.0
2272,1435997013473,13087.0
2273,1435997013494,13321.0
2274,1435997013514,13321.0
2275,1435997013537,12391.0
2276,1435997013557,12391.0
2277,1435997013574,13629.0
2278,1435997013594,13629.0
2279,1435997013614,14786.0
2280,1435997013634,14883.0
2281,1435997013657,14883.0
2282,1435997013677,13830.0
2283,1435997013697,13830.0
2284,1435997013723,12043.0
2285,1435997013795,12043.0
2286,1435997013796,12663.0
2287,1435997013797,12663.0
2288,1435997013798,12701.0
2289,1435997013815,12701.0
2290,1435997013837,13395.0
2291,1435997013854,13773.0
2292,1435997013877,13773.0
2293,1435997013896,15342.0
2294,1435997013914,15342.0
2295,1435997013934,17068.0
2296,1435997013954,17068.0
2297,1435997013976,15244.0
2298,1435997013994,15244.0
2299,1435997014014,15367.0
2300,1435997014035,15367.0
2301,1435997014056,0.0
2302,1435997014076,14483.0
2303,1435997014096,14483.0
2304,1435997014115,14528.0
2305,1435997014134,14528.0
2306,1435997014154,15336.0
2307,1435997014176,15336.0
2308,1435997014196,15261.0
2309,1435997014216,15261.0
2310,1435997014236,15170.0
2311,1435997014257,0.0
2312,1435997014279,15064.0
2313,1435997014298,15064.0
2314,1435997014348,14295.0
2315,1435997014349,14295.0
2316,1435997014355,13911.0
2317,1435997014379,13911.0
2318,1435997014402,13714.0
2319,1435997014425,13714.0
2320,1435997014441,14025.0
2321,1435997014586,0.0
2322,1435997014587,13832.0
2323,1435997014588,13832.0
2324,1435997014606,13507.0
2325,1435997014607,13507.0
2326,1435997014608,14054.0
2327,1435997014609,14054.0
2328,1435997014610,14673.0
2329,1435997014644,14673.0
2330,1435997014645,13882.0
2331,1435997014655,0.0
2332,1435997014700,13896.0
2333,1435997014701,13896.0
2334,1435997014729,14114.0
2335,1435997014748,14114.0
2336,1435997014759,14679.0
2337,1435997014779,14679.0
2338,1435997014798,13272.0
2339,1435997014814,13272.0
2340,1435997014834,12899.0
2341,1435997014854,13882.0
2342,1435997014874,15140.0
2343,1435997014894,14447.0
2344,1435997014914,14447.0
2345,1435997014934,13313.0
2346,1435997014954,13313.0
2347,1435997014974,13907.0
2348,1435997014994,13907.0
2349,1435997015014,13727.0
2350,1435997015034,13727.0
2351,1435997015064,14252.0
2352,1435997015074,14569.0
2353,1435997015094,14569.0
2354,1435997015114,15764.0
2355,1435997015135,15764.0
2356,1435997015154,0.0
2357,1435997015174,14557.0
2358,1435997015194,14557.0
2359,1435997015214,13611.0
2360,1435997015234,13611.0
2361,1435997015254,13795.0
2362,1435997015274,13795.0
2363,1435997015294,13640.0
2364,1435997015314,13640.0
2365,1435997015335,15183.0
2366,1435997015354,0.0
2367,1435997015374,13369.0
2368,1435997015394,13369.0
2369,1435997015414,13318.0
2370,1435997015434,13318.0
2371,1435997015454,13029.0
2372,1435997015474,13029.0
2373,1435997015494,12273.0
2374,1435997015514,12273.0
2375,1435997015534,12268.0
2376,1435997015555,12660.0
2377,1435997015574,11983.0
2378,1435997015594,11707.0
2379,1435997015614,11707.0
2380,1435997015634,11405.0
2381,1435997015736,11405.0
2382,1435997015737,12453.0
2383,1435997015738,12453.0
2384,1435997015739,11740.0
2385,1435997015740,11740.0
2386,1435997015754,12876.0
2387,1435997015774,11540.0
2388,1435997015794,11540.0
2389,1435997015814,11593.0
2390,1435997015834,11593.0
2391,1435997015854,13367.0
2392,1435997015874,13367.0
2393,1435997015894,10917.0
2394,1435997015914,10917.0
2395,1435997015934,10012.0
2396,1435997015954,10012.0
2397,1435997015974,10190.0
2398,1435997015994,10784.0
2399,1435997016014,10784.0
2400,1435997016034,10874.0
2401,1435997016054,10874.0
2402,1435997016074,11129.0
2403,1435997016094,11129.0
2404,1435997016114,11279.0
2405,1435997016134,11279.0
2406,1435997016154,11668.0
2407,1435997016174,11668.0
2408,1435997016195,11779.0
2409,1435997016215,12153.0
2410,1435997016235,12153.0
2411,1435997016255,12055.0
2412,1435997016275,12055.0
2413,1435997016295,12289.0
2414,1435997016315,12289.0
2415,1435997016335,10998.0
2416,1435997016355,10998.0
2417,1435997016392,11318.0
2418,1435997016395,11181.0
2419,1435997016415,11341.0
2420,1435997016435,10457.0
2421,1435997016455,10457.0
2422,1435997016475,11126.0
2423,1435997016495,11126.0
2424,1435997016515,10585.0
2425,1435997016535,10585.0
2426,1435997016555,10055.0
2427,1435997016575,10055.0
2428,1435997016595,9901.0
2429,1435997016615,10164.0
2430,1435997016635,10164.0
2431,1435997016655,10476.0
2432,1435997016675,10476.0
2433,1435997016695,10486.0
2434,1435997016715,10486.0
2435,1435997016735,12409.0
2436,1435997016755,12409.0
2437,1435997016775,10097.0
2438,1435997016795,10097.0
2439,1435997016815,10241.0
2440,1435997016835,11232.0
2441,1435997016855,11232.0
2442,1435997016875,11489.0
2443,1435997016895,11489.0
2444,1435997016915,11942.0
2445,1435997016935,11942.0
2446,1435997016955,10191.0
2447,1435997016975,10191.0
2448,1435997016995,11209.0
2449,1435997017015,11209.0
2450,1435997017035,11953.0
2451,1435997017055,12159.0
2452,1435997017075,12159.0
2453,1435997017095,11533.0
2454,1435997017115,11533.0
2455,1435997017135,12037.0
2456,1435997017155,12037.0
2457,1435997017175,13212.0
2458,1435997017195,13212.0
2459,1435997017215,13396.0
2460,1435997017238,12538.0
2461,1435997017258,13499.0
2462,1435997017276,14014.0
2463,1435997017296,14014.0
2464,1435997017316,13871.0
2465,1435997017336,13871.0
2466,1435997017357,14144.0
2467,1435997017377,14144.0
2468,1435997017398,14617.0
2469,1435997017416,14617.0
2470,1435997017438,14288.0
2471,1435997017456,0.0
2472,1435997017477,14214.0
2473,1435997017496,14214.0
2474,1435997017518,15500.0
2475,1435997017557,15500.0
2476,1435997017558,15168.0
2477,1435997017577,15168.0
2478,1435997017596,14641.0
2479,1435997017617,14641.0
2480,1435997017639,14399.0
2481,1435997017659,0.0
2482,1435997017677,13876.0
2483,1435997017697,13876.0
2484,1435997017718,14403.0
2485,1435997017739,14403.0
2486,1435997017759,14255.0
2487,1435997017778,14255.0
2488,1435997017800,15158.0
2489,1435997017818,15158.0
2490,1435997017838,14713.0
2491,1435997017858,0.0
2492,1435997017878,16272.0
2493,1435997017902,16272.0
2494,1435997017918,15677.0
2495,1435997017941,15677.0
2496,1435997017961,15400.0
2497,1435997017978,15400.0
2498,1435997017998,15072.0
2499,1435997018017,15072.0
2500,1435997018038,14700.0
2501,1435997018057,0.0
2502,1435997018077,15647.0
2503,1435997018098,15647.0
2504,1435997018123,14466.0
2505,1435997018139,14466.0
2506,1435997018161,14307.0
2507,1435997018197,14307.0
2508,1435997018200,15368.0
2509,1435997018218,15368.0
2510,1435997018239,13864.0
2511,1435997018260,0.0
2512,1435997018278,13458.0
2513,1435997018301,13458.0
2514,1435997018334,13746.0
2515,1435997018338,13746.0
2516,1435997018384,14470.0
2517,1435997018385,14470.0
2518,1435997018419,15414.0
2519,1435997018420,15414.0
2520,1435997018440,16198.0
2521,1435997018458,0.0
2522,1435997018480,15935.0
2523,1435997018500,15935.0
2524,1435997018520,15630.0
2525,1435997018541,15630.0
2526,1435997018560,15452.0
2527,1435997018581,15452.0
2528,1435997018600,15702.0
2529,1435997018620,15702.0
2530,1435997018638,16130.0
2531,1435997018658,17288.0
2532,1435997018678,14990.0
2533,1435997018698,15216.0
2534,1435997018717,15216.0
2535,1435997018752,15290.0
2536,1435997018757,15290.0
2537,1435997018777,15368.0
2538,1435997018798,15368.0
2539,1435997018818,15216.0
2540,1435997018838,15216.0
2541,1435997018888,15129.0
2542,1435997018889,15856.0
2543,1435997018898,15856.0
2544,1435997018918,14435.0
2545,1435997018937,14435.0
2546,1435997018957,14580.0
2547,1435997018978,14580.0
2548,1435997018998,15233.0
2549,1435997019023,15233.0
2550,1435997019038,15427.0
2551,1435997019057,15427.0
2552,1435997019077,15903.0
2553,1435997019097,16560.0
2554,1435997019118,16560.0
2555,1435997019138,15208.0
2556,1435997019158,15208.0
2557,1435997019178,15221.0
2558,1435997019198,15221.0
2559,1435997019217,15251.0
2560,1435997019240,15251.0
2561,1435997019257,14908.0
2562,1435997019278,14908.0
2563,1435997019297,15505.0
2564,1435997019317,14800.0
2565,1435997019337,14800.0
2566,1435997019357,14633.0
2567,1435997019377,14633.0
2568,1435997019397,15033.0
2569,1435997019417,15033.0
2570,1435997019438,15542.0
2571,1435997019458,15542.0
2572,1435997019478,16269.0
2573,1435997019498,15840.0
2574,1435997019518,16930.0
2575,1435997019538,16363.0
2576,1435997019558,16363.0
2577,1435997019582,16011.0
2578,1435997019598,16011.0
2579,1435997019618,15663.0
2580,1435997019638,15663.0
2581,1435997019658,15056.0
2582,1435997019678,15056.0
2583,1435997019698,14986.0
2584,1435997019718,15021.0
2585,1435997019738,15021.0
2586,1435997019758,14674.0
2587,1435997019778,14674.0
2588,1435997019799,15590.0
2589,1435997019818,15590.0
2590,1435997019838,14943.0
2591,1435997019858,14943.0
2592,1435997019878,15157.0
2593,1435997019898,15157.0
2594,1435997019918,14448.0
2595,1435997019938,14112.0
2596,1435997019958,14112.0
2597,1435997019978,14134.0
2598,1435997019998,14134.0
2599,1435997020018,14678.0
2600,1435997020038,14678.0
2601,1435997020058,15176.0
2602,1435997020079,15176.0
2603,1435997020098,14234.0
2604,1435997020118,14234.0
2605,1435997020138,15167.0
2606,1435997020158,13584.0
2607,1435997020178,13584.0
2608,1435997020198,13948.0
2609,1435997020218,13948.0
2610,1435997020238,15200.0
2611,1435997020258,15200.0
2612,1435997020278,14861.0
2613,1435997020298,14861.0
2614,1435997020318,14390.0
2615,1435997020338,11294.0
2616,1435997020358,17512.0
2617,1435997020379,15783.0
2618,1435997020399,15783.0
2619,1435997020419,15627.0
2620,1435997020439,15627.0
2621,1435997020459,15534.0
2622,1435997020479,15534.0
2623,1435997020499,15768.0
2624,1435997020519,15768.0
2625,1435997020539,15813.0
2626,1435997020559,16276.0
2627,1435997020579,16276.0
2628,1435997020599,16115.0
2629,1435997020619,16115.0
2630,1435997020640,17226.0
2631,1435997020659,17226.0
2632,1435997020679,17207.0
2633,1435997020699,17207.0
2634,1435997020719,16895.0
2635,1435997020739,16895.0
2636,1435997020759,17535.0
2637,1435997020779,17061.0
2638,1435997020799,17061.0
2639,1435997020819,16219.0
2640,1435997020839,16219.0
2641,1435997020859,15496.0
2642,1435997020879,15496.0
2643,1435997020899,15638.0
2644,1435997020919,15638.0
2645,1435997020939,16221.0
2646,1435997020959,16221.0
2647,1435997020979,17448.0
2648,1435997020999,17970.0
2649,1435997021019,17970.0
2650,1435997021039,16710.0
2651,1435997021059,16710.0
2652,1435997021079,18157.0
2653,1435997021099,18157.0
2654,1435997021119,18555.0
2655,1435997021139,18555.0
2656,1435997021159,18549.0
2657,1435997021179,17509.0
2658,1435997021199,20614.0
2659,1435997021219,17401.0
2660,1435997021239,17401.0
2661,1435997021259,17628.0
2662,1435997021279,17628.0
2663,1435997021299,19596.0
2664,1435997021319,19596.0
2665,1435997021339,18239.0
2666,1435997021359,18239.0
2667,1435997021380,19020.0
2668,1435997021399,16665.0
2669,1435997021419,16665.0
2670,1435997021439,14873.0
2671,1435997021459,14873.0
2672,1435997021479,13823.0
2673,1435997021499,13823.0
2674,1435997021519,12514.0
2675,1435997021540,12514.0
2676,1435997021559,11312.0
2677,1435997021580,11312.0
2678,1435997021600,10137.0
2679,1435997021620,10674.0
2680,1435997021640,10674.0
2681,1435997021660,8123.0
2682,1435997021680,8123.0
2683,1435997021700,6893.0
2684,1435997021720,6893.0
2685,1435997021740,5658.0
2686,1435997021760,5658.0
2687,1435997021780,4641.0
2688,1435997021800,4641.0
2689,1435997021820,3865.0
2690,1435997021840,3274.0
2691,1435997021860,3274.0
2692,1435997021880,3099.0
2693,1435997021900,3099.0
2694,1435997021920,2702.0
2695,1435997021940,2702.0
2696,1435997021960,2399.0
2697,1435997021980,2399.0
2698,1435997022000,2142.0
2699,1435997022020,1893.0
2700,1435997022040,1893.0
2701,1435997022060,1532.0
2702,1435997022080,1532.0
2703,1435997022100,1212.0
2704,1435997022120,1212.0
2705,1435997022140,953.0
2706,1435997022160,953.0
2707,1435997022181,784.0
2708,1435997022203,784.0
2709,1435997022227,684.0
2710,1435997022244,617.0
2711,1435997022265,617.0
2712,1435997022285,586.0
2713,1435997022305,586.0
2714,1435997022325,577.0
2715,1435997022345,577.0
2716,1435997022365,580.0
2717,1435997022384,580.0
2718,1435997022406,587.0
2719,1435997022426,587.0
2720,1435997022444,590.0
2721,1435997022464,588.0
2722,1435997022491,588.0
2723,1435997022556,590.0
2724,1435997022557,590.0
2725,1435997022558,593.0
2726,1435997022574,593.0
2727,1435997022582,598.0
2728,1435997022605,598.0
2729,1435997022623,600.0
2730,1435997022642,600.0
2731,1435997022667,597.0
2732,1435997022685,592.0
2733,1435997022704,592.0
2734,1435997022724,588.0
2735,1435997022745,588.0
2736,1435997022762,588.0
2737,1435997022784,588.0
2738,1435997022806,588.0
2739,1435997022825,588.0
2740,1435997022843,585.0
2741,1435997022866,587.0
2742,1435997022886,587.0
2743,1435997022904,587.0
2744,1435997022923,587.0
2745,1435997022943,587.0
2746,1435997022966,587.0
2747,1435997022983,586.0
2748,1435997023006,586.0
2749,1435997023026,583.0
2750,1435997023045,583.0
2751,1435997023066,579.0
2752,1435997023086,579.0
2753,1435997023105,579.0
2754,1435997023124,584.0
2755,1435997023143,584.0
2756,1435997023163,581.0
2757,1435997023217,581.0
2758,1435997023218,573.0
2759,1435997023225,573.0
2760,1435997023243,575.0
2761,1435997023367,575.0
2762,1435997023368,574.0
2763,1435997023369,573.0
2764,1435997023370,573.0
2765,1435997023387,572.0
2766,1435997023388,572.0
2767,1435997023389,575.0
2768,1435997023416,575.0
2769,1435997023424,572.0
2770,1435997023444,572.0
2771,1435997023463,570.0
2772,1435997023485,570.0
2773,1435997023504,567.0
2774,1435997023527,563.0
2775,1435997023543,563.0
2776,1435997023574,559.0
2777,1435997023593,559.0
2778,1435997023603,555.0
2779,1435997023624,555.0
2780,1435997023643,550.0
2781,1435997023663,550.0
2782,1435997023683,542.0
2783,1435997023702,542.0
2784,1435997023722,540.0
2785,1435997023742,535.0
2786,1435997023764,535.0
2787,1435997023782,530.0
2788,1435997023802,530.0
2789,1435997023822,524.0
2790,1435997023847,524.0
2791,1435997023867,519.0
2792,1435997023886,519.0
2793,1435997023906,512.0
2794,1435997023923,521.0
2795,1435997023942,521.0
2796,1435997023962,521.0
2797,1435997023983,521.0
2798,1435997024014,507.0
2799,1435997024023,507.0
2800,1435997024042,505.0
2801,1435997024064,505.0
2802,1435997024083,515.0
2803,1435997024103,515.0
2804,1435997024123,519.0
2805,1435997024144,515.0
2806,1435997024167,515.0
2807,1435997024186,506.0
2808,1435997024205,506.0
2809,1435997024223,507.0
2810,1435997024244,507.0
2811,1435997024265,502.0
2812,1435997024288,502.0
2813,1435997024305,492.0
2814,1435997024327,492.0
2815,1435997024345,491.0
2816,1435997024365,490.0
2817,1435997024384,490.0
2818,1435997024405,492.0
2819,1435997024425,492.0
2820,1435997024446,485.0
2821,1435997024467,485.0
2822,1435997024488,479.0
2823,1435997024507,479.0
2824,1435997024525,489.0
2825,1435997024545,489.0
2826,1435997024564,498.0
2827,1435997024584,495.0
2828,1435997024661,495.0
2829,1435997024662,482.0
2830,1435997024664,482.0
2831,1435997024665,487.0
2832,1435997024683,487.0
2833,1435997024714,490.0
2834,1435997024726,490.0
2835,1435997024746,487.0
2836,1435997024766,481.0
2837,1435997024784,481.0
2838,1435997024809,481.0
2839,1435997024835,481.0
2840,1435997024846,486.0
2841,1435997024870,486.0
2842,1435997024884,491.0
2843,1435997024904,491.0
2844,1435997024933,496.0
2845,1435997024945,496.0
2846,1435997024964,496.0
2847,1435997024987,492.0
2848,1435997025004,492.0
2849,1435997025025,490.0
2850,1435997025045,490.0
2851,1435997025066,487.0
2852,1435997025090,487.0
2853,1435997025105,483.0
2854,1435997025128,483.0
2855,1435997025146,483.0
2856,1435997025167,483.0
2857,1435997025185,481.0
2858,1435997025207,479.0
2859,1435997025229,479.0
2860,1435997025249,465.0
2861,1435997025268,465.0
2862,1435997025286,453.0
2863,1435997025305,453.0
2864,1435997025325,442.0
2865,1435997025357,442.0
2866,1435997025427,441.0
2867,1435997025428,441.0
2868,1435997025429,434.0
2869,1435997025430,431.0
2870,1435997025446,431.0
2871,1435997025475,428.0
2872,1435997025487,428.0
2873,1435997025506,425.0
2874,1435997025529,425.0
2875,1435997025548,417.0
2876,1435997025567,417.0
2877,1435997025585,411.0
2878,1435997025611,403.0
2879,1435997025625,403.0
2880,1435997025646,394.0
2881,1435997025665,394.0
2882,1435997025686,387.0
2883,1435997025705,387.0
2884,1435997025725,385.0
2885,1435997025745,385.0
2886,1435997025892,380.0
2887,1435997025893,380.0
2888,1435997025894,381.0
2889,1435997025895,381.0
2890,1435997025896,381.0
2891,1435997025897,378.0
2892,1435997025898,378.0
2893,1435997025906,374.0
2894,1435997025925,374.0
2895,1435997025945,371.0
2896,1435997025965,371.0
2897,1435997025985,369.0
2898,1435997026009,369.0
2899,1435997026031,371.0
2900,1435997026052,374.0
2901,1435997026074,374.0
2902,1435997026087,375.0
2903,1435997026108,375.0
2904,1435997026178,378.0
2905,1435997026179,378.0
2906,1435997026180,381.0
2907,1435997026188,381.0
2908,1435997026209,384.0
2909,1435997026225,384.0
2910,1435997026246,385.0
2911,1435997026266,383.0
2912,1435997026284,383.0
2913,1435997026305,381.0
2914,1435997026326,381.0
2915,1435997026346,378.0
2916,1435997026366,378.0
2917,1435997026386,372.0
2918,1435997026407,372.0
2919,1435997026427,364.0
2920,1435997026447,353.0
2921,1435997026465,353.0
2922,1435997026486,351.0
2923,1435997026508,351.0
2924,1435997026526,340.0
2925,1435997026547,340.0
2926,1435997026565,340.0
2927,1435997026585,340.0
2928,1435997026606,348.0
2929,1435997026626,348.0
2930,1435997026649,352.0
2931,1435997026669,351.0
2932,1435997026688,351.0
2933,1435997026707,349.0
2934,1435997026726,349.0
2935,1435997026747,347.0
2936,1435997026768,347.0
2937,1435997026791,343.0
2938,1435997026867,343.0
2939,1435997026868,337.0
2940,1435997026869,337.0
2941,1435997026870,330.0
2942,1435997026887,324.0
2943,1435997026911,324.0
2944,1435997026927,321.0
2945,1435997026946,321.0
2946,1435997026966,315.0
2947,1435997026988,315.0
2948,1435997027007,311.0
2949,1435997027027,311.0
2950,1435997027047,298.0
2951,1435997027068,298.0
2952,1435997027088,289.0
2953,1435997027108,289.0
2954,1435997027126,289.0
2955,1435997027148,284.0
2956,1435997027166,284.0
2957,1435997027187,282.0
2958,1435997027207,282.0
2959,1435997027226,285.0
2960,1435997027250,285.0
2961,1435997027267,288.0
2962,1435997027288,290.0
2963,1435997027307,290.0
2964,1435997027327,288.0
2965,1435997027348,288.0
2966,1435997027368,288.0
2967,1435997027392,288.0
2968,1435997027413,287.0
2969,1435997027426,287.0
2970,1435997027447,286.0
2971,1435997027467,286.0
2972,1435997027487,287.0
2973,1435997027508,283.0
2974,1435997027580,283.0
2975,1435997027581,278.0
2976,1435997027582,278.0
2977,1435997027599,274.0
2978,1435997027607,274.0
2979,1435997027627,273.0
2980,1435997027650,273.0
2981,1435997027667,270.0
2982,1435997027687,270.0
2983,1435997027708,266.0
2984,1435997027727,261.0
2985,1435997027750,261.0
2986,1435997027769,262.0
2987,1435997027788,262.0
2988,1435997027807,263.0
2989,1435997027828,263.0
2990,1435997027849,263.0
2991,1435997027868,263.0
2992,1435997027888,268.0
2993,1435997027908,268.0
2994,1435997027927,269.0
2995,1435997027949,267.0
2996,1435997027968,267.0
2997,1435997027988,266.0
2998,1435997028013,266.0
2999,1435997028028,263.0
3000,1435997028049,263.0
3001,1435997028068,259.0
3002,1435997028088,259.0
3003,1435997028108,255.0
3004,1435997028128,251.0
3005,1435997028150,251.0
3006,1435997028169,242.0
3007,1435997028188,242.0
3008,1435997028207,235.0
3009,1435997028228,235.0
3010,1435997028248,236.0
3011,1435997028350,236.0
3012,1435997028351,232.0
3013,1435997028352,232.0
3014,1435997028353,224.0
3015,1435997028354,223.0
3016,1435997028368,223.0
3017,1435997028394,229.0
3018,1435997028411,229.0
3019,1435997028441,226.0
3020,1435997028448,226.0
3021,1435997028484,228.0
3022,1435997028488,228.0
3023,1435997028553,223.0
3024,1435997028554,223.0
3025,1435997028555,226.0
3026,1435997028568,227.0
3027,1435997028588,227.0
3028,1435997028608,224.0
3029,1435997028628,224.0
3030,1435997028649,223.0
3031,1435997028668,223.0
3032,1435997028690,221.0
3033,1435997028710,221.0
3034,1435997028728,213.0
3035,1435997028748,213.0
3036,1435997028773,199.0
3037,1435997028790,188.0
3038,1435997028808,188.0
3039,1435997028827,177.0
3040,1435997028851,177.0
3041,1435997028870,161.0
3042,1435997028890,161.0
3043,1435997028911,143.0
3044,1435997028927,143.0
3045,1435997028948,144.0
3046,1435997028967,145.0
3047,1435997028992,145.0
3048,1435997029010,140.0
3049,1435997029028,140.0
3050,1435997029060,139.0
3051,1435997029068,139.0
3052,1435997029087,132.0
3053,1435997029108,132.0
3054,1435997029129,119.0
3055,1435997029148,119.0
3056,1435997029169,106.0
3057,1435997029189,93.0
3058,1435997029208,93.0
3059,1435997029228,83.0
3060,1435997029249,83.0
3061,1435997029269,74.0
3062,1435997029290,74.0
3063,1435997029312,67.0
3064,1435997029331,67.0
3065,1435997029352,61.0
3066,1435997029371,61.0
3067,1435997029391,57.0
3068,1435997029411,56.0
3069,1435997029429,56.0
3070,1435997029449,51.0
3071,1435997029469,51.0
3072,1435997029492,46.0
3073,1435997029512,46.0
3074,1435997029531,43.0
3075,1435997029552,43.0
3076,1435997029570,40.0
3077,1435997029594,40.0
3078,1435997029610,35.0
3079,1435997029629,30.0
3080,1435997029649,30.0
3081,1435997029670,25.0
3082,1435997029690,25.0
3083,1435997029774,21.0
3084,1435997029775,21.0
3085,1435997029776,18.0
3086,1435997029777,18.0
3087,1435997029790,15.0
3088,1435997029813,15.0
3089,1435997029829,12.0
3090,1435997029850,10.0
3091,1435997029874,10.0
3092,1435997029889,9.0
3093,1435997029912,9.0
3094,1435997029931,12.0
3095,1435997029951,12.0
3096,1435997029970,30.0
3097,1435997029989,30.0
3098,1435997030010,119.0
3099,1435997030031,212.0
3100,1435997030052,212.0
3101,1435997030073,284.0
3102,1435997030092,284.0
3103,1435997030112,455.0
3104,1435997030129,455.0
3105,1435997030151,519.0
3106,1435997030171,519.0
3107,1435997030190,679.0
3108,1435997030211,679.0
3109,1435997030232,1006.0
3110,1435997030253,804.0
3111,1435997030273,804.0
3112,1435997030291,44.0
3113,1435997030312,44.0
3114,1435997030333,20.0
3115,1435997030352,20.0
3116,1435997030371,20.0
3117,1435997030390,20.0
3118,1435997030410,21.0
3119,1435997030439,21.0
3120,1435997030512,21.0
3121,1435997030513,21.0
3122,1435997030514,21.0
3123,1435997030515,21.0
3124,1435997030530,21.0
3125,1435997030560,21.0
3126,1435997030573,21.0
3127,1435997030590,20.0
3128,1435997030612,20.0
3129,1435997030630,20.0
3130,1435997030651,20.0
3131,1435997030673,18.0
3132,1435997030691,17.0
3133,1435997030713,17.0
3134,1435997030733,15.0
3135,1435997030753,15.0
3136,1435997030774,13.0
3137,1435997030792,13.0
3138,1435997030812,10.0
3139,1435997030843,10.0
3140,1435997030850,9.0
3141,1435997030870,10.0
3142,1435997030890,10.0
3143,1435997030910,9.0
3144,1435997030930,9.0
3145,1435997030954,7.0
3146,1435997030975,7.0
3147,1435997030994,7.0
3148,1435997031013,7.0
3149,1435997031032,8.0
3150,1435997031050,8.0
3151,1435997031073,9.0
3152,1435997031094,9.0
3153,1435997031114,9.0
3154,1435997031134,9.0
3155,1435997031153,9.0
3156,1435997031180,9.0
3157,1435997031251,9.0
3158,1435997031252,9.0
3159,1435997031253,9.0
3160,1435997031254,9.0
3161,1435997031271,9.0
3162,1435997031295,10.0
3163,1435997031310,10.0
3164,1435997031330,10.0
3165,1435997031353,11.0
3166,1435997031373,11.0
3167,1435997031392,13.0
3168,1435997031412,13.0
3169,1435997031436,16.0
3170,1435997031452,16.0
3171,1435997031474,17.0
3172,1435997031493,17.0
3173,1435997031514,20.0
3174,1435997031533,21.0
3175,1435997031552,21.0
3176,1435997031571,21.0
3177,1435997031593,21.0
3178,1435997031614,22.0
3179,1435997031635,22.0
3180,1435997031652,23.0
3181,1435997031674,23.0
3182,1435997031693,23.0
3183,1435997031715,21.0
3184,1435997031731,21.0
3185,1435997031756,20.0
3186,1435997031777,20.0
3187,1435997031797,20.0
3188,1435997031815,20.0
3189,1435997031833,19.0
3190,1435997031852,19.0
3191,1435997031873,18.0
3192,1435997031891,18.0
3193,1435997031960,18.0
3194,1435997031961,18.0
3195,1435997031962,18.0
3196,1435997031983,17.0
3197,1435997031991,17.0
3198,1435997032014,16.0
3199,1435997032031,16.0
3200,1435997032051,14.0
3201,1435997032074,14.0
3202,1435997032091,13.0
3203,1435997032114,13.0
3204,1435997032138,12.0
3205,1435997032153,10.0
3206,1435997032171,10.0
3207,1435997032192,8.0
3208,1435997032212,8.0
3209,1435997032233,8.0
3210,1435997032255,8.0
3211,1435997032275,8.0
3212,1435997032294,8.0
3213,1435997032315,8.0
3214,1435997032335,8.0
3215,1435997032353,8.0
3216,1435997032373,8.0
3217,1435997032392,8.0
3218,1435997032414,8.0
3219,1435997032433,8.0
3220,1435997032453,8.0
3221,1435997032473,8.0
3222,1435997032496,9.0
3223,1435997032517,9.0
3224,1435997032537,8.0
3225,1435997032554,7.0
3226,1435997032575,7.0
3227,1435997032594,7.0
3228,1435997032614,7.0
3229,1435997032632,6.0
3230,1435997032702,6.0
3231,1435997032703,5.0
3232,1435997032704,5.0
3233,1435997032726,4.0
3234,1435997032733,4.0
3235,1435997032753,3.0
3236,1435997032776,2.0
3237,1435997032792,2.0
3238,1435997032812,2.0
3239,1435997032833,2.0
3240,1435997032854,3.0
3241,1435997032873,3.0
3242,1435997032895,3.0
3243,1435997032916,3.0
3244,1435997032933,3.0
3245,1435997032952,3.0
3246,1435997032974,3.0
3247,1435997032995,2.0
3248,1435997033016,2.0
3249,1435997033036,2.0
3250,1435997033055,2.0
3251,1435997033076,2.0
3252,1435997033095,2.0
3253,1435997033113,2.0
3254,1435997033133,2.0
3255,1435997033153,1.0
3256,1435997033173,1.0
3257,1435997033223,1.0
3258,1435997033224,1.0
3259,1435997033236,1.0
3260,1435997033256,1.0
3261,1435997033275,1.0
3262,1435997033296,0.0
3263,1435997033315,0.0
3264,1435997033336,0.0
3265,1435997033356,0.0
3266,1435997033374,0.0
3267,1435997033395,0.0
3268,1435997033455,0.0
3269,1435997033456,0.0
3270,1435997033457,0.0
3271,1435997033474,0.0
3272,1435997033493,0.0
3273,1435997033514,0.0
3274,1435997033533,0.0
3275,1435997033553,0.0
3276,1435997033575,0.0
3277,1435997033595,0.0
3278,1435997033614,0.0
3279,1435997033633,0.0
3280,1435997033656,0.0
3281,1435997033675,0.0
3282,1435997033694,0.0
3283,1435997033717,0.0
3284,1435997033738,0.0
3285,1435997033757,0.0
3286,1435997033776,0.0
3287,1435997033794,0.0
3288,1435997033813,0.0
3289,1435997033833,0.0
3290,1435997033856,0.0
3291,1435997033875,0.0
3292,1435997033897,0.0
3293,1435997033914,0.0
3294,1435997033933,0.0
3295,1435997033955,0.0
3296,1435997033976,0.0
3297,1435997033994,0.0
3298,1435997034013,0.0
3299,1435997034033,0.0
3300,1435997034053,0.0
3301,1435997034074,0.0
3302,1435997034094,0.0
3303,1435997034114,0.0
3304,1435997034137,0.0
3305,1435997034270,0.0
3306,1435997034276,0.0
3307,1435997034277,0.0
3308,1435997034278,0.0
3309,1435997034279,0.0
3310,1435997034280,0.0
3311,1435997034281,0.0
3312,1435997034304,0.0
3313,1435997034338,0.0
3314,1435997034339,0.0
3315,1435997034363,0.0
3316,1435997034374,0.0
3317,1435997034419,0.0
3318,1435997034420,0.0
3319,1435997034439,0.0
3320,1435997034466,0.0
3321,1435997034474,0.0
3322,1435997034493,0.0
3323,1435997034516,0.0
3324,1435997034542,0.0
3325,1435997034569,0.0
3326,1435997034575,0.0
3327,1435997034594,0.0
3328,1435997034614,0.0
3329,1435997034634,0.0
3330,1435997034654,0.0
3331,1435997034674,0.0
3332,1435997034694,0.0
3333,1435997034712,0.0
3334,1435997034732,0.0
3335,1435997034752,0.0
3336,1435997034773,0.0
3337,1435997034793,0.0
3338,1435997034814,0.0
3339,1435997034837,0.0
3340,1435997034857,0.0
3341,1435997034876,0.0
3342,1435997034896,0.0
3343,1435997034914,0.0
3344,1435997034934,0.0
3345,1435997034954,0.0
3346,1435997034973,0.0
3347,1435997035003,0.0
3348,1435997035013,0.0
3349,1435997035033,0.0
3350,1435997035055,0.0
3351,1435997035075,0.0
3352,1435997035094,0.0
3353,1435997035114,0.0
3354,1435997035135,0.0
3355,1435997035157,0.0
3356,1435997035178,0.0
3357,1435997035197,0.0
3358,1435997035214,0.0
3359,1435997035235,0.0
3360,1435997035256,0.0
3361,1435997035277,0.0
3362,1435997035299,0.0
3363,1435997035317,0.0
3364,1435997035335,0.0
3365,1435997035354,0.0
3366,1435997035378,0.0
3367,1435997035399,0.0
3368,1435997035419,0.0
3369,1435997035438,0.0
3370,1435997035455,0.0
3371,1435997035474,0.0
3372,1435997035495,0.0
3373,1435997035518,0.0
3374,1435997035539,0.0
3375,1435997035561,0.0
3376,1435997035576,0.0
3377,1435997035598,0.0
3378,1435997035639,0.0
3379,1435997035640,0.0
3380,1435997035661,0.0
3381,1435997035674,0.0
3382,1435997035696,0.0
3383,1435997035715,0.0
3384,1435997035735,0.0
3385,1435997035755,0.0
3386,1435997035776,0.0
3387,1435997035797,0.0
3388,1435997035817,0.0
3389,1435997035836,0.0
3390,1435997035858,0.0
3391,1435997035875,0.0
3392,1435997035897,0.0
3393,1435997035920,0.0
3394,1435997035936,0.0
3395,1435997035955,0.0
3396,1435997035978,0.0
3397,1435997035997,0.0
3398,1435997036018,0.0
3399,1435997036037,0.0
3400,1435997036055,0.0
3401,1435997036076,0.0
3402,1435997036096,0.0
3403,1435997036116,0.0
3404,1435997036136,0.0
3405,1435997036156,0.0
3406,1435997036175,0.0
3407,1435997036195,0.0
3408,1435997036223,0.0
3409,1435997036235,0.0
3410,1435997036256,0.0
3411,1435997036283,0.0
3412,1435997036329,0.0
3413,1435997036330,0.0
3414,1435997036342,0.0
3415,1435997036357,0.0
3416,1435997036375,0.0
3417,1435997036397,0.0
3418,1435997036418,0.0
3419,1435997036443,0.0
3420,1435997036455,0.0
3421,1435997036475,0.0
3422,1435997036497,0.0
3423,1435997036516,0.0
3424,1435997036538,0.0
3425,1435997036563,0.0
3426,1435997036578,0.0
3427,1435997036596,0.0
3428,1435997036616,0.0
3429,1435997036638,0.0
3430,1435997036658,0.0
3431,1435997036678,0.0
3432,1435997036697,0.0
3433,1435997036715,0.0
3434,1435997036736,0.0
3435,1435997036757,0.0
3436,1435997036776,0.0
3437,1435997036798,0.0
3438,1435997036816,0.0
3439,1435997036836,0.0
3440,1435997036856,0.0
3441,1435997036876,0.0
3442,1435997036897,0.0
3443,1435997036918,0.0
3444,1435997036937,0.0
3445,1435997036957,0.0
3446,1435997036976,0.0
3447,1435997036998,0.0
3448,1435997037016,0.0
3449,1435997037042,0.0
3450,1435997037070,0.0
3451,1435997037085,0.0
3452,1435997037098,0.0
3453,1435997037116,0.0
3454,1435997037136,0.0
3455,1435997037155,0.0
3456,1435997037176,0.0
3457,1435997037197,0.0
3458,1435997037217,0.0
3459,1435997037239,0.0
3460,1435997037256,0.0
3461,1435997037278,0.0
3462,1435997037297,0.0
3463,1435997037316,0.0
3464,1435997037336,0.0
3465,1435997037357,0.0
3466,1435997037376,0.0
3467,1435997037398,0.0
3468,1435997037420,0.0
3469,1435997037438,0.0
3470,1435997037459,0.0
3471,1435997037479,0.0
3472,1435997037499,0.0
3473,1435997037519,0.0
3474,1435997037539,0.0
3475,1435997037557,0.0
3476,1435997037577,0.0
3477,1435997037597,0.0
3478,1435997037618,0.0
3479,1435997037638,0.0
3480,1435997037660,0.0
3481,1435997037679,1.0
3482,1435997037746,1.0
3483,1435997037747,0.0
3484,1435997037748,0.0
3485,1435997037766,0.0
3486,1435997037778,0.0
3487,1435997037797,0.0
3488,1435997037817,0.0
3489,1435997037837,0.0
3490,1435997037857,0.0
3491,1435997037878,0.0
3492,1435997037897,0.0
3493,1435997037918,0.0
3494,1435997037938,0.0
3495,1435997037958,0.0
3496,1435997037977,0.0
3497,1435997037999,0.0
3498,1435997038018,0.0
3499,1435997038037,0.0
3500,1435997038057,0.0
3501,1435997038077,0.0
3502,1435997038099,0.0
3503,1435997038118,0.0
3504,1435997038138,0.0
3505,1435997038160,0.0
3506,1435997038178,0.0
3507,1435997038199,0.0
3508,1435997038218,0.0
3509,1435997038238,0.0
3510,1435997038258,0.0
3511,1435997038280,0.0
3512,1435997038300,0.0
3513,1435997038321,0.0
3514,1435997038338,0.0
3515,1435997038360,0.0
3516,1435997038379,0.0
3517,1435997038401,0.0
3518,1435997038417,0.0
3519,1435997038508,0.0
3520,1435997038509,0.0
3521,1435997038510,0.0
3522,1435997038511,0.0
3523,1435997038524,0.0
3524,1435997038544,0.0
3525,1435997038586,0.0
3526,1435997038587,0.0
3527,1435997038600,0.0
3528,1435997038642,0.0
3529,1435997038643,0.0
3530,1435997038657,0.0
3531,1435997038679,0.0
3532,1435997038704,0.0
3533,1435997038721,0.0
3534,1435997038739,0.0
3535,1435997038758,0.0
3536,1435997038778,0.0
3537,1435997038797,0.0
3538,1435997038818,0.0
3539,1435997038840,0.0
3540,1435997038860,0.0
3541,1435997038878,0.0
3542,1435997038899,0.0
3543,1435997038921,0.0
3544,1435997038939,0.0
3545,1435997038958,0.0
3546,1435997038980,0.0
3547,1435997038999,0.0
3548,1435997039019,0.0
3549,1435997039038,0.0
3550,1435997039058,0.0
3551,1435997039078,0.0
3552,1435997039100,0.0
3553,1435997039118,0.0
3554,1435997039159,0.0
3555,1435997039160,0.0
3556,1435997039178,0.0
3557,1435997039199,0.0
3558,1435997039223,0.0
3559,1435997039300,0.0
3560,1435997039301,0.0
3561,1435997039302,0.0
3562,1435997039303,0.0
3563,1435997039321,0.0
3564,1435997039344,0.0
3565,1435997039358,0.0
3566,1435997039378,0.0
3567,1435997039413,0.0
3568,1435997039420,0.0
3569,1435997039440,0.0
3570,1435997039459,0.0
3571,1435997039480,0.0
3572,1435997039501,0.0
3573,1435997039523,0.0
3574,1435997039539,0.0
3575,1435997039561,0.0
3576,1435997039593,0.0
3577,1435997039603,0.0
3578,1435997039620,0.0
3579,1435997039640,0.0
3580,1435997039659,0.0
3581,1435997039679,0.0
3582,1435997039699,0.0
3583,1435997039721,0.0
3584,1435997039743,0.0
3585,1435997039762,0.0
3586,1435997039779,0.0
3587,1435997039799,0.0
3588,1435997039820,0.0
3589,1435997039840,0.0
3590,1435997039859,0.0
3591,1435997039878,0.0
3592,1435997039899,0.0
3593,1435997039920,0.0
3594,1435997040067,0.0
3595,1435997040068,0.0
3596,1435997040069,0.0
3597,1435997040070,0.0
3598,1435997040071,0.0
3599,1435997040072,0.0
3600,1435997040073,0.0
3601,1435997040102,0.0
3602,1435997040103,0.0
3603,1435997040134,0.0
3604,1435997040145,0.0
3605,1435997040164,0.0
3606,1435997040179,0.0
3607,1435997040201,0.0
3608,1435997040229,0.0
3609,1435997040241,0.0
3610,1435997040259,0.0
3611,1435997040279,0.0
3612,1435997040301,0.0
3613,1435997040323,0.0
3614,1435997040343,0.0
3615,1435997040362,0.0
3616,1435997040381,0.0
3617,1435997040406,0.0
3618,1435997040424,0.0
3619,1435997040443,0.0
3620,1435997040464,0.0
3621,1435997040482,0.0
3622,1435997040501,0.0
3623,1435997040527,0.0
3624,1435997040539,0.0
3625,1435997040562,0.0
3626,1435997040584,0.0
3627,1435997040602,0.0
3628,1435997040620,0.0
3629,1435997040646,0.0
3630,1435997040667,0.0
3631,1435997040686,0.0
3632,1435997040704,0.0
3633,1435997040777,0.0
3634,1435997040780,0.0
3635,1435997040781,0.0
3636,1435997040782,0.0
3637,1435997040801,0.0
3638,1435997040821,0.0
3639,1435997040844,0.0
3640,1435997040892,0.0
3641,1435997040893,0.0
3642,1435997040913,0.0
3643,1435997040920,0.0
3644,1435997040940,0.0
3645,1435997040960,0.0
3646,1435997040980,0.0
3647,1435997041000,0.0
3648,1435997041020,0.0
3649,1435997041040,0.0
3650,1435997041061,0.0
3651,1435997041081,0.0
3652,1435997041100,0.0
3653,1435997041120,0.0
3654,1435997041140,0.0
3655,1435997041160,0.0
3656,1435997041180,0.0
3657,1435997041199,0.0
3658,1435997041219,0.0
3659,1435997041239,0.0
3660,1435997041264,0.0
3661,1435997041283,0.0
3662,1435997041303,0.0
3663,1435997041323,0.0
3664,1435997041343,0.0
3665,1435997041361,0.0
3666,1435997041381,0.0
3667,1435997041401,0.0
3668,1435997041420,0.0
3669,1435997041451,0.0
3670,1435997041466,0.0
3671,1435997041479,0.0
3672,1435997041499,0.0
3673,1435997041521,0.0
3674,1435997041542,0.0
3675,1435997041560,0.0
3676,1435997041585,0.0
3677,1435997041603,0.0
3678,1435997041621,0.0
3679,1435997041640,0.0
3680,1435997041664,0.0
3681,1435997041684,0.0
3682,1435997041700,0.0
3683,1435997041724,0.0
3684,1435997041741,0.0
3685,1435997041760,0.0
3686,1435997041782,0.0
3687,1435997041804,0.0
3688,1435997041823,0.0
3689,1435997041844,0.0
3690,1435997041864,0.0
3691,1435997041882,0.0
3692,1435997041902,0.0
3693,1435997041921,0.0
3694,1435997041944,0.0
3695,1435997041963,0.0
3696,1435997041984,0.0
3697,1435997042003,0.0
3698,1435997042023,0.0
3699,1435997042041,0.0
3700,1435997042103,0.0
3701,1435997042104,0.0
3702,1435997042105,0.0
3703,1435997042126,0.0
3704,1435997042140,0.0
3705,1435997042160,0.0
3706,1435997042180,0.0
3707,1435997042204,0.0
3708,1435997042221,0.0
3709,1435997042243,0.0
3710,1435997042264,1.0
3711,1435997042285,1.0
3712,1435997042301,1.0
3713,1435997042322,1.0
3714,1435997042344,1.0
3715,1435997042364,1.0
3716,1435997042384,1.0
3717,1435997042407,1.0
3718,1435997042428,1.0
3719,1435997042444,1.0
3720,1435997042463,1.0
3721,1435997042481,1.0
3722,1435997042501,1.0
3723,1435997042524,1.0
3724,1435997042547,1.0
3725,1435997042568,2.0
3726,1435997042582,2.0
3727,1435997042604,2.0
3728,1435997042623,2.0
3729,1435997042643,2.0
3730,1435997042664,2.0
3731,1435997042681,2.0
3732,1435997042705,2.0
3733,1435997042768,2.0
3734,1435997042769,3.0
3735,1435997042770,3.0
3736,1435997042781,4.0
3737,1435997042802,4.0
3738,1435997042823,5.0
3739,1435997042841,5.0
3740,1435997042863,6.0
3741,1435997042882,7.0
3742,1435997042902,7.0
3743,1435997042922,8.0
3744,1435997042942,8.0
3745,1435997042962,8.0
3746,1435997042985,8.0
3747,1435997043005,9.0
3748,1435997043025,9.0
3749,1435997043044,12.0
3750,1435997043066,15.0
3751,1435997043085,15.0
3752,1435997043103,18.0
3753,1435997043121,18.0
3754,1435997043145,23.0
3755,1435997043163,23.0
3756,1435997043185,29.0
3757,1435997043229,29.0
3758,1435997043230,35.0
3759,1435997043242,35.0
3760,1435997043264,42.0
3761,1435997043283,46.0
3762,1435997043303,46.0
3763,1435997043323,49.0
3764,1435997043342,49.0
3765,1435997043364,51.0
3766,1435997043384,51.0
3767,1435997043404,55.0
3768,1435997043424,55.0
3769,1435997043504,57.0
3770,1435997043505,57.0
3771,1435997043506,63.0
3772,1435997043507,70.0
3773,1435997043525,70.0
3774,1435997043563,80.0
3775,1435997043564,80.0
3776,1435997043586,89.0
3777,1435997043632,89.0
3778,1435997043633,96.0
3779,1435997043644,96.0
3780,1435997043663,103.0
3781,1435997043693,103.0
3782,1435997043703,112.0
3783,1435997043726,119.0
3784,1435997043746,119.0
3785,1435997043765,127.0
3786,1435997043784,127.0
3787,1435997043803,129.0
3788,1435997043823,129.0
3789,1435997043844,144.0
3790,1435997043866,144.0
3791,1435997043886,152.0
3792,1435997043906,158.0
3793,1435997043925,158.0
3794,1435997043945,163.0
3795,1435997043964,163.0
3796,1435997043982,176.0
3797,1435997044005,176.0
3798,1435997044025,185.0
3799,1435997044046,185.0
3800,1435997044066,189.0
3801,1435997044087,189.0
3802,1435997044107,200.0
3803,1435997044125,216.0
3804,1435997044145,216.0
3805,1435997044164,232.0
3806,1435997044184,232.0
3807,1435997044207,249.0
3808,1435997044273,249.0
3809,1435997044274,267.0
3810,1435997044275,267.0
3811,1435997044285,285.0
3812,1435997044303,285.0
3813,1435997044349,304.0
3814,1435997044350,318.0
3815,1435997044395,318.0
3816,1435997044396,327.0
3817,1435997044421,327.0
3818,1435997044426,333.0
3819,1435997044443,333.0
3820,1435997044465,336.0
3821,1435997044485,336.0
3822,1435997044504,342.0
3823,1435997044524,342.0
3824,1435997044545,350.0
3825,1435997044563,355.0
3826,1435997044589,355.0
3827,1435997044604,346.0
3828,1435997044626,346.0
3829,1435997044648,581.0
3830,1435997044667,581.0
3831,1435997044690,794.0
3832,1435997044706,794.0
3833,1435997044725,976.0
3834,1435997044745,976.0
3835,1435997044763,1407.0
3836,1435997044786,1598.0
3837,1435997044806,1598.0
3838,1435997044827,2077.0
3839,1435997044849,2077.0
3840,1435997044867,2545.0
3841,1435997044885,2545.0
3842,1435997044908,3078.0
3843,1435997044949,3078.0
3844,1435997044950,4194.0
3845,1435997044969,3572.0
3846,1435997044984,3572.0
3847,1435997045018,3696.0
3848,1435997045035,3696.0
3849,1435997045054,4838.0
3850,1435997045071,4838.0
3851,1435997045084,5244.0
3852,1435997045104,5244.0
3853,1435997045125,5451.0
3854,1435997045145,5451.0
3855,1435997045164,5423.0
3856,1435997045184,5912.0
3857,1435997045204,5912.0
3858,1435997045226,6678.0
3859,1435997045249,6678.0
3860,1435997045273,7021.0
3861,1435997045284,7021.0
3862,1435997045304,6756.0
3863,1435997045324,6756.0
3864,1435997045344,1524.0
3865,1435997045364,1524.0
3866,1435997045384,405.0
3867,1435997045404,393.0
3868,1435997045425,393.0
3869,1435997045444,363.0
3870,1435997045464,363.0
3871,1435997045484,336.0
3872,1435997045504,336.0
3873,1435997045524,313.0
3874,1435997045564,313.0
3875,1435997045565,302.0
3876,1435997045592,302.0
3877,1435997045604,272.0
3878,1435997045625,245.0
3879,1435997045652,245.0
3880,1435997045664,229.0
3881,1435997045684,229.0
3882,1435997045703,202.0
3883,1435997045723,202.0
3884,1435997045743,183.0
3885,1435997045763,183.0
3886,1435997045784,172.0
3887,1435997045803,164.0
3888,1435997045823,164.0
3889,1435997045843,161.0
3890,1435997045863,161.0
3891,1435997045883,157.0
3892,1435997045903,157.0
3893,1435997045923,156.0
3894,1435997045943,156.0
3895,1435997045963,146.0
3896,1435997045983,146.0
3897,1435997046003,142.0
3898,1435997046023,134.0
3899,1435997046043,134.0
3900,1435997046063,124.0
3901,1435997046083,124.0
3902,1435997046108,119.0
3903,1435997046128,119.0
3904,1435997046147,110.0
3905,1435997046164,110.0
3906,1435997046185,102.0
3907,1435997046205,102.0
3908,1435997046225,96.0
3909,1435997046263,94.0
3910,1435997046264,94.0
3911,1435997046286,91.0
3912,1435997046307,91.0
3913,1435997046338,88.0
3914,1435997046345,88.0
3915,1435997046365,89.0
3916,1435997046385,89.0
3917,1435997046410,87.0
3918,1435997046425,87.0
3919,1435997046446,81.0
3920,1435997046466,78.0
3921,1435997046485,78.0
3922,1435997046508,80.0
3923,1435997046529,80.0
3924,1435997046548,77.0
3925,1435997046566,77.0
3926,1435997046585,75.0
3927,1435997046607,75.0
3928,1435997046626,75.0
3929,1435997046647,70.0
3930,1435997046667,70.0
3931,1435997046688,64.0
3932,1435997046713,64.0
3933,1435997046726,58.0
3934,1435997046751,58.0
3935,1435997046773,56.0
3936,1435997046791,56.0
3937,1435997046809,51.0
3938,1435997046826,51.0
3939,1435997046846,46.0
3940,1435997046865,40.0
3941,1435997046886,40.0
3942,1435997046906,36.0
3943,1435997046926,36.0
3944,1435997046947,32.0
3945,1435997046969,32.0
3946,1435997047020,30.0
3947,1435997047021,30.0
3948,1435997047037,27.0
3949,1435997047046,27.0
3950,1435997047068,24.0
3951,1435997047086,21.0
3952,1435997047105,21.0
3953,1435997047129,18.0
3954,1435997047146,18.0
3955,1435997047167,15.0
3956,1435997047197,15.0
3957,1435997047208,12.0
3958,1435997047228,12.0
3959,1435997047247,9.0
3960,1435997047268,9.0
3961,1435997047287,6.0
3962,1435997047306,5.0
3963,1435997047326,5.0
3964,1435997047346,3.0
3965,1435997047367,3.0
3966,1435997047388,2.0
3967,1435997047408,2.0
3968,1435997047430,1.0
3969,1435997047448,1.0
3970,1435997047471,1.0
3971,1435997047491,0.0
3972,1435997047511,0.0
3973,1435997047532,0.0
3974,1435997047549,0.0
3975,1435997047569,0.0
3976,1435997047593,0.0
3977,1435997047612,0.0
3978,1435997047627,0.0
3979,1435997047646,0.0
3980,1435997047667,0.0
3981,1435997047694,0.0
3982,1435997047788,0.0
3983,1435997047789,0.0
3984,1435997047790,0.0
3985,1435997047791,0.0
3986,1435997047792,0.0
3987,1435997047806,0.0
3988,1435997047836,0.0
3989,1435997047846,0.0
3990,1435997047867,0.0
3991,1435997047890,0.0
3992,1435997047907,0.0
3993,1435997047926,0.0
3994,1435997047946,0.0
3995,1435997047968,0.0
3996,1435997047986,0.0
3997,1435997048008,0.0
3998,1435997048027,0.0
3999,1435997048047,0.0
4000,1435997048066,0.0
4001,1435997048088,0.0
4002,1435997048107,0.0
4003,1435997048127,0.0
4004,1435997048148,0.0
4005,1435997048169,0.0
4006,1435997048189,0.0
4007,1435997048209,0.0
4008,1435997048227,0.0
4009,1435997048247,0.0
4010,1435997048267,0.0
4011,1435997048290,0.0
4012,1435997048310,0.0
4013,1435997048327,0.0
4014,1435997048348,0.0
4015,1435997048367,0.0
4016,1435997048387,0.0
4017,1435997048408,0.0
4018,1435997048427,0.0
4019,1435997048498,0.0
4020,1435997048499,0.0
4021,1435997048500,0.0
4022,1435997048518,0.0
4023,1435997048530,0.0
4024,1435997048549,0.0
4025,1435997048595,0.0
4026,1435997048596,0.0
4027,1435997048609,0.0
4028,1435997048628,0.0
4029,1435997048647,0.0
4030,1435997048668,0.0
4031,1435997048689,0.0
4032,1435997048708,0.0
4033,1435997048729,0.0
4034,1435997048749,0.0
4035,1435997048768,0.0
4036,1435997048789,0.0
4037,1435997048808,0.0
4038,1435997048828,0.0
4039,1435997048848,0.0
4040,1435997048867,0.0
4041,1435997048888,0.0
4042,1435997048909,0.0
4043,1435997048928,0.0
4044,1435997048953,0.0
4045,1435997048968,0.0
4046,1435997048988,0.0
4047,1435997049008,0.0
4048,1435997049027,0.0
4049,1435997049049,0.0
4050,1435997049068,0.0
4051,1435997049088,0.0
4052,1435997049108,0.0
4053,1435997049128,0.0
4054,1435997049148,0.0
4055,1435997049167,0.0
4056,1435997049189,0.0
4057,1435997049308,0.0
4058,1435997049309,0.0
4059,1435997049310,0.0
4060,1435997049311,0.0
4061,1435997049312,0.0
4062,1435997049313,0.0
4063,1435997049328,0.0
4064,1435997049352,0.0
4065,1435997049368,0.0
4066,1435997049388,0.0
4067,1435997049409,0.0
4068,1435997049429,0.0
4069,1435997049451,0.0
4070,1435997049473,0.0
4071,1435997049488,0.0
4072,1435997049509,0.0
4073,1435997049530,0.0
4074,1435997049551,0.0
4075,1435997049571,0.0
4076,1435997049592,0.0
4077,1435997049612,0.0
4078,1435997049630,0.0
4079,1435997049649,0.0
4080,1435997049668,0.0
4081,1435997049689,0.0
4082,1435997049716,0.0
4083,1435997049729,0.0
4084,1435997049749,0.0
4085,1435997049770,0.0
4086,1435997049790,0.0
4087,1435997049810,0.0
4088,1435997049828,0.0
4089,1435997049849,0.0
4090,1435997049869,0.0
4091,1435997049889,0.0
4092,1435997049909,0.0
4093,1435997049929,0.0
4094,1435997049950,0.0
4095,1435997049980,0.0
4096,1435997050036,0.0
4097,1435997050037,0.0
4098,1435997050038,0.0
4099,1435997050059,0.0
4100,1435997050069,0.0
4101,1435997050088,0.0
4102,1435997050109,0.0
4103,1435997050130,0.0
4104,1435997050151,0.0
4105,1435997050168,0.0
4106,1435997050191,0.0
4107,1435997050210,0.0
4108,1435997050230,0.0
4109,1435997050250,0.0
4110,1435997050269,0.0
4111,1435997050289,0.0
4112,1435997050311,0.0
4113,1435997050331,0.0
4114,1435997050351,0.0
4115,1435997050371,0.0
4116,1435997050391,0.0
4117,1435997050414,0.0
4118,1435997050431,0.0
4119,1435997050456,0.0
4120,1435997050470,0.0
4121,1435997050489,0.0
4122,1435997050511,0.0
4123,1435997050533,0.0
4124,1435997050552,0.0
4125,1435997050578,0.0
4126,1435997050596,0.0
4127,1435997050618,0.0
4128,1435997050632,0.0
4129,1435997050651,0.0
4130,1435997050669,0.0
4131,1435997050691,0.0
4132,1435997050775,0.0
4133,1435997050776,0.0
4134,1435997050777,0.0
4135,1435997050778,0.0
4136,1435997050795,0.0
4137,1435997050810,0.0
4138,1435997050839,0.0
4139,1435997050850,0.0
4140,1435997050871,0.0
4141,1435997050890,0.0
4142,1435997050909,0.0
4143,1435997050930,0.0
4144,1435997050953,0.0
4145,1435997050970,0.0
4146,1435997050990,0.0
4147,1435997051012,0.0
4148,1435997051031,0.0
4149,1435997051049,0.0
4150,1435997051072,0.0
4151,1435997051092,0.0
4152,1435997051112,0.0
4153,1435997051132,0.0
4154,1435997051153,0.0
4155,1435997051176,0.0
4156,1435997051190,0.0
4157,1435997051212,0.0
4158,1435997051230,0.0
4159,1435997051250,0.0
4160,1435997051269,0.0
4161,1435997051294,0.0
4162,1435997051315,0.0
4163,1435997051335,0.0
4164,1435997051353,0.0
4165,1435997051370,0.0
4166,1435997051390,0.0
4167,1435997051410,0.0
4168,1435997051432,0.0
4169,1435997051450,0.0
4170,1435997051519,0.0
4171,1435997051520,0.0
4172,1435997051521,0.0
4173,1435997051531,0.0
4174,1435997051561,0.0
4175,1435997051570,0.0
4176,1435997051592,0.0
4177,1435997051614,0.0
4178,1435997051639,0.0
4179,1435997051675,0.0
4180,1435997051676,0.0
4181,1435997051701,0.0
4182,1435997051710,0.0
4183,1435997051732,0.0
4184,1435997051752,0.0
4185,1435997051770,0.0
4186,1435997051792,0.0
4187,1435997051813,0.0
4188,1435997051833,0.0
4189,1435997051853,0.0
4190,1435997051875,0.0
4191,1435997051894,0.0
4192,1435997051914,0.0
4193,1435997051932,0.0
4194,1435997051950,0.0
4195,1435997051970,0.0
4196,1435997051991,0.0
4197,1435997052010,0.0
4198,1435997052034,0.0
4199,1435997052055,0.0
4200,1435997052077,0.0
4201,1435997052093,0.0
4202,1435997052112,0.0
4203,1435997052133,0.0
4204,1435997052153,0.0
4205,1435997052174,0.0
4206,1435997052245,0.0
4207,1435997052258,0.0
4208,1435997052259,0.0
4209,1435997052260,0.0
4210,1435997052270,0.0
4211,1435997052294,0.0
4212,1435997052312,0.0
4213,1435997052331,0.0
4214,1435997052353,0.0
4215,1435997052373,0.0
4216,1435997052392,0.0
4217,1435997052414,0.0
4218,1435997052431,0.0
4219,1435997052451,0.0
4220,1435997052474,0.0
4221,1435997052494,0.0
4222,1435997052514,0.0
4223,1435997052534,0.0
4224,1435997052553,0.0
4225,1435997052576,0.0
4226,1435997052599,0.0
4227,1435997052615,0.0
4228,1435997052636,0.0
4229,1435997052652,0.0
4230,1435997052673,0.0
4231,1435997052692,0.0
4232,1435997052714,0.0
4233,1435997052734,0.0
4234,1435997052753,0.0
4235,1435997052773,0.0
4236,1435997052791,0.0
4237,1435997052813,0.0
4238,1435997052835,0.0
4239,1435997052855,0.0
4240,1435997052875,0.0
4241,1435997052892,0.0
4242,1435997052912,0.0
4243,1435997052968,0.0
4244,1435997052969,0.0
4245,1435997052989,0.0
4246,1435997052991,0.0
4247,1435997053014,0.0
4248,1435997053038,0.0
4249,1435997053051,0.0
4250,1435997053074,0.0
4251,1435997053095,0.0
4252,1435997053113,0.0
4253,1435997053132,0.0
4254,1435997053152,0.0
4255,1435997053177,0.0
4256,1435997053194,0.0
4257,1435997053239,0.0
4258,1435997053240,0.0
4259,1435997053255,0.0
4260,1435997053275,0.0
4261,1435997053293,0.0
4262,1435997053313,0.0
4263,1435997053332,0.0
4264,1435997053352,0.0
4265,1435997053371,0.0
4266,1435997053393,0.0
4267,1435997053415,0.0
4268,1435997053433,0.0
4269,1435997053452,0.0
4270,1435997053489,0.0
4271,1435997053492,0.0
4272,1435997053512,0.0
4273,1435997053532,0.0
4274,1435997053552,0.0
4275,1435997053575,0.0
4276,1435997053593,0.0
4277,1435997053615,0.0
4278,1435997053644,0.0
4279,1435997053665,0.0
4280,1435997053705,0.0
4281,1435997053706,0.0
4282,1435997053713,0.0
4283,1435997053732,0.0
4284,1435997053753,0.0
4285,1435997053775,0.0
4286,1435997053792,0.0
4287,1435997053818,0.0
4288,1435997053835,0.0
4289,1435997053854,0.0
4290,1435997053874,0.0
4291,1435997053892,0.0
4292,1435997053912,0.0
4293,1435997053934,0.0
4294,1435997053956,0.0
4295,1435997053976,0.0
4296,1435997053995,0.0
4297,1435997054016,0.0
4298,1435997054035,0.0
4299,1435997054053,0.0
4300,1435997054073,0.0
4301,1435997054094,0.0
4302,1435997054115,0.0
4303,1435997054133,0.0
4304,1435997054156,0.0
4305,1435997054176,0.0
4306,1435997054196,0.0
4307,1435997054216,0.0
4308,1435997054235,0.0
4309,1435997054254,0.0
4310,1435997054273,0.0
4311,1435997054295,0.0
4312,1435997054316,0.0
4313,1435997054336,0.0
4314,1435997054356,0.0
4315,1435997054374,0.0
4316,1435997054486,0.0
4317,1435997054487,0.0
4318,1435997054488,0.0
4319,1435997054489,0.0
4320,1435997054490,0.0
4321,1435997054504,0.0
4322,1435997054514,0.0
4323,1435997054541,0.0
4324,1435997054556,0.0
4325,1435997054576,0.0
4326,1435997054595,0.0
4327,1435997054620,0.0
4328,1435997054635,0.0
4329,1435997054655,0.0
4330,1435997054675,0.0
4331,1435997054693,0.0
4332,1435997054716,0.0
4333,1435997054734,0.0
4334,1435997054753,0.0
4335,1435997054775,0.0
4336,1435997054796,0.0
4337,1435997054817,0.0
4338,1435997054838,0.0
4339,1435997054857,0.0
4340,1435997054877,0.0
4341,1435997054896,0.0
4342,1435997054916,0.0
4343,1435997054933,0.0
4344,1435997054953,0.0
4345,1435997054975,0.0
4346,1435997054995,0.0
4347,1435997055015,0.0
4348,1435997055034,0.0
4349,1435997055053,0.0
4350,1435997055074,0.0
4351,1435997055094,0.0
4352,1435997055113,0.0
4353,1435997055133,0.0
4354,1435997055154,0.0
4355,1435997055175,0.0
4356,1435997055262,0.0
4357,1435997055263,0.0
4358,1435997055264,0.0
4359,1435997055265,0.0
4360,1435997055276,0.0
4361,1435997055295,0.0
4362,1435997055314,0.0
4363,1435997055333,0.0
4364,1435997055354,0.0
4365,1435997055375,0.0
4366,1435997055396,0.0
4367,1435997055414,0.0
4368,1435997055436,0.0
4369,1435997055455,0.0
4370,1435997055475,0.0
4371,1435997055496,0.0
4372,1435997055515,0.0
4373,1435997055536,0.0
4374,1435997055554,0.0
4375,1435997055579,0.0
4376,1435997055595,0.0
4377,1435997055616,0.0
4378,1435997055635,0.0
4379,1435997055654,0.0
4380,1435997055676,0.0
4381,1435997055697,0.0
4382,1435997055715,0.0
4383,1435997055734,0.0
4384,1435997055755,0.0
4385,1435997055777,0.0
4386,1435997055797,0.0
4387,1435997055818,0.0
4388,1435997055838,0.0
4389,1435997055857,0.0
4390,1435997055876,0.0
4391,1435997055896,0.0
4392,1435997055915,0.0
4393,1435997055938,0.0
4394,1435997056007,0.0
4395,1435997056008,0.0
4396,1435997056009,0.0
4397,1435997056030,0.0
4398,1435997056039,0.0
4399,1435997056054,0.0
4400,1435997056078,0.0
4401,1435997056094,0.0
4402,1435997056114,0.0
4403,1435997056137,0.0
4404,1435997056154,0.0
4405,1435997056177,0.0
4406,1435997056197,0.0
4407,1435997056219,0.0
4408,1435997056237,0.0
4409,1435997056257,0.0
4410,1435997056277,0.0
4411,1435997056296,0.0
4412,1435997056316,0.0
4413,1435997056337,0.0
4414,1435997056355,0.0
4415,1435997056377,0.0
4416,1435997056396,0.0
4417,1435997056415,0.0
4418,1435997056436,0.0
4419,1435997056456,0.0
4420,1435997056476,0.0
4421,1435997056496,0.0
4422,1435997056517,0.0
4423,1435997056539,0.0
4424,1435997056564,0.0
4425,1435997056583,0.0
4426,1435997056595,0.0
4427,1435997056620,0.0
4428,1435997056635,0.0
4429,1435997056660,0.0
4430,1435997056676,0.0
4431,1435997056745,0.0
4432,1435997056746,0.0
4433,1435997056747,0.0
4434,1435997056761,0.0
4435,1435997056778,0.0
4436,1435997056800,0.0
4437,1435997056815,0.0
4438,1435997056840,0.0
4439,1435997056868,0.0
4440,1435997056877,0.0
4441,1435997056898,0.0
4442,1435997056916,0.0
4443,1435997056935,0.0
4444,1435997056955,0.0
4445,1435997056975,0.0
4446,1435997056997,0.0
4447,1435997057015,0.0
4448,1435997057035,0.0
4449,1435997057056,0.0
4450,1435997057078,0.0
4451,1435997057097,0.0
4452,1435997057118,0.0
4453,1435997057140,0.0
4454,1435997057157,0.0
4455,1435997057178,0.0
4456,1435997057196,0.0
4457,1435997057216,0.0
4458,1435997057236,0.0
4459,1435997057262,0.0
4460,1435997057280,0.0
4461,1435997057300,0.0
4462,1435997057317,0.0
4463,1435997057336,0.0
4464,1435997057356,0.0
4465,1435997057377,0.0
4466,1435997057397,0.0
4467,1435997057416,0.0
4468,1435997057474,0.0
4469,1435997057475,0.0
4470,1435997057480,0.0
4471,1435997057496,0.0
4472,1435997057517,0.0
4473,1435997057548,0.0
4474,1435997057556,0.0
4475,1435997057583,0.0
4476,1435997057596,0.0
4477,1435997057616,0.0
4478,1435997057643,0.0
4479,1435997057658,0.0
4480,1435997057686,0.0
4481,1435997057696,0.0
4482,1435997057718,0.0
4483,1435997057739,0.0
4484,1435997057758,0.0
4485,1435997057778,0.0
4486,1435997057796,0.0
4487,1435997057816,0.0
4488,1435997057836,0.0
4489,1435997057857,0.0
4490,1435997057876,0.0
4491,1435997057898,0.0
4492,1435997057924,0.0
4493,1435997057938,0.0
4494,1435997057961,0.0
4495,1435997057977,0.0
4496,1435997057997,0.0
4497,1435997058016,0.0
4498,1435997058036,0.0
4499,1435997058056,0.0
4500,1435997058078,0.0
4501,1435997058098,0.0
4502,1435997058117,0.0
4503,1435997058136,0.0
4504,1435997058157,0.0
4505,1435997058189,0.0
4506,1435997058259,0.0
4507,1435997058260,0.0
4508,1435997058261,0.0
4509,1435997058262,0.0
4510,1435997058283,0.0
4511,1435997058297,0.0
4512,1435997058320,0.0
4513,1435997058349,0.0
4514,1435997058356,0.0
4515,1435997058396,0.0
4516,1435997058397,0.0
4517,1435997058419,0.0
4518,1435997058441,0.0
4519,1435997058459,0.0
4520,1435997058477,0.0
4521,1435997058497,0.0
4522,1435997058517,0.0
4523,1435997058537,0.0
4524,1435997058559,0.0
4525,1435997058583,0.0
4526,1435997058600,0.0
4527,1435997058618,0.0
4528,1435997058637,0.0
4529,1435997058659,0.0
4530,1435997058679,0.0
4531,1435997058697,0.0
4532,1435997058717,0.0
4533,1435997058738,0.0
4534,1435997058758,0.0
4535,1435997058777,0.0
4536,1435997058800,0.0
4537,1435997058832,0.0
4538,1435997058837,0.0
4539,1435997058857,0.0
4540,1435997058877,0.0
4541,1435997058897,0.0
4542,1435997058917,0.0
4543,1435997058937,0.0
4544,1435997059000,0.0
4545,1435997059001,0.0
4546,1435997059002,0.0
4547,1435997059024,0.0
4548,1435997059039,0.0
4549,1435997059057,0.0
4550,1435997059077,0.0
4551,1435997059097,0.0
4552,1435997059117,0.0
4553,1435997059138,0.0
4554,1435997059158,0.0
4555,1435997059178,0.0
4556,1435997059199,0.0
4557,1435997059218,0.0
4558,1435997059239,0.0
4559,1435997059257,0.0
4560,1435997059277,0.0
4561,1435997059298,0.0
4562,1435997059319,0.0
4563,1435997059339,0.0
4564,1435997059358,0.0
4565,1435997059377,0.0
4566,1435997059401,0.0
4567,1435997059419,0.0
4568,1435997059445,0.0
4569,1435997059459,0.0
4570,1435997059491,0.0
4571,1435997059532,0.0
4572,1435997059533,0.0
4573,1435997059560,0.0
4574,1435997059561,0.0
4575,1435997059578,0.0
4576,1435997059598,0.0
4577,1435997059619,0.0
4578,1435997059639,0.0
4579,1435997059667,0.0
4580,1435997059678,0.0
4581,1435997059781,0.0
4582,1435997059782,0.0
4583,1435997059783,0.0
4584,1435997059784,0.0
4585,1435997059785,0.0
4586,1435997059825,0.0
4587,1435997059826,0.0
4588,1435997059838,0.0
4589,1435997059858,0.0
4590,1435997059910,0.0
4591,1435997059911,0.0
4592,1435997059934,0.0
4593,1435997059939,0.0
4594,1435997059963,0.0
4595,1435997059978,0.0
4596,1435997059998,0.0
4597,1435997060018,0.0
4598,1435997060038,0.0
4599,1435997060059,0.0
4600,1435997060078,0.0
4601,1435997060098,0.0
4602,1435997060118,0.0
4603,1435997060138,0.0
4604,1435997060158,0.0
4605,1435997060178,0.0
4606,1435997060197,0.0
4607,1435997060217,0.0
4608,1435997060237,0.0
4609,1435997060257,0.0
4610,1435997060283,0.0
4611,1435997060297,0.0
4612,1435997060317,0.0
4613,1435997060337,0.0
4614,1435997060357,0.0
4615,1435997060377,0.0
4616,1435997060397,0.0
4617,1435997060417,0.0
4618,1435997060437,0.0
4619,1435997060457,0.0
4620,1435997060477,0.0
4621,1435997060497,0.0
4622,1435997060517,0.0
4623,1435997060537,0.0
4624,1435997060557,0.0
4625,1435997060577,0.0
4626,1435997060597,0.0
4627,1435997060617,0.0
4628,1435997060637,0.0
4629,1435997060657,0.0
4630,1435997060677,0.0
4631,1435997060697,0.0
4632,1435997060717,0.0
4633,1435997060743,0.0
4634,1435997060762,0.0
4635,1435997060782,0.0
4636,1435997060801,0.0
4637,1435997060821,0.0
4638,1435997060840,0.0
4639,1435997060858,0.0
4640,1435997060879,0.0
4641,1435997060900,0.0
4642,1435997060922,0.0
4643,1435997060942,0.0
4644,1435997060961,0.0
4645,1435997060980,0.0
4646,1435997061000,0.0
4647,1435997061021,0.0
4648,1435997061038,0.0
4649,1435997061058,0.0
4650,1435997061078,0.0
4651,1435997061099,0.0
4652,1435997061120,0.0
4653,1435997061138,0.0
4654,1435997061160,0.0
4655,1435997061178,0.0
4656,1435997061198,0.0
4657,1435997061220,0.0
4658,1435997061243,0.0
4659,1435997061263,0.0
4660,1435997061281,0.0
4661,1435997061302,0.0
4662,1435997061320,0.0
4663,1435997061339,0.0
4664,1435997061361,0.0
4665,1435997061385,0.0
4666,1435997061402,0.0
4667,1435997061420,0.0
4668,1435997061444,0.0
4669,1435997061464,0.0
4670,1435997061482,0.0
4671,1435997061500,0.0
4672,1435997061520,0.0
4673,1435997061542,0.0
4674,1435997061560,0.0
4675,1435997061584,0.0
4676,1435997061605,0.0
4677,1435997061625,0.0
4678,1435997061642,0.0
4679,1435997061685,0.0
4680,1435997061686,0.0
4681,1435997061703,0.0
4682,1435997061740,0.0
4683,1435997061741,0.0
4684,1435997061760,0.0
4685,1435997061780,0.0
4686,1435997061811,0.0
4687,1435997061827,0.0
4688,1435997061841,0.0
4689,1435997061863,0.0
4690,1435997061883,0.0
4691,1435997061901,0.0
4692,1435997061920,0.0
4693,1435997061942,0.0
4694,1435997061963,0.0
4695,1435997061983,0.0
4696,1435997062003,0.0
4697,1435997062026,0.0
4698,1435997062044,0.0
4699,1435997062062,0.0
4700,1435997062081,0.0
4701,1435997062100,0.0
4702,1435997062124,0.0
4703,1435997062143,0.0
4704,1435997062163,0.0
4705,1435997062183,0.0
4706,1435997062203,0.0
4707,1435997062224,0.0
4708,1435997062243,0.0
4709,1435997062263,0.0
4710,1435997062284,0.0
4711,1435997062303,0.0
4712,1435997062321,0.0
4713,1435997062341,0.0
4714,1435997062361,0.0
4715,1435997062383,0.0
4716,1435997062431,0.0
4717,1435997062432,0.0
4718,1435997062453,0.0
4719,1435997062462,0.0
4720,1435997062481,0.0
4721,1435997062501,0.0
4722,1435997062521,0.0
4723,1435997062545,0.0
4724,1435997062567,0.0
4725,1435997062582,0.0
4726,1435997062607,0.0
4727,1435997062628,0.0
4728,1435997062645,0.0
4729,1435997062663,0.0
4730,1435997062682,0.0
4731,1435997062700,0.0
4732,1435997062723,0.0
4733,1435997062744,0.0
4734,1435997062763,0.0
4735,1435997062783,0.0
4736,1435997062803,0.0
4737,1435997062825,0.0
4738,1435997062844,0.0
4739,1435997062864,0.0
4740,1435997062881,0.0
4741,1435997062901,0.0
4742,1435997062923,0.0
4743,1435997062944,0.0
4744,1435997062964,0.0
4745,1435997062984,0.0
4746,1435997063004,0.0
4747,1435997063024,0.0
4748,1435997063044,0.0
4749,1435997063064,0.0
4750,1435997063086,0.0
4751,1435997063106,0.0
4752,1435997063125,0.0
4753,1435997063145,0.0
4754,1435997063228,0.0
4755,1435997063229,0.0
4756,1435997063230,0.0
4757,1435997063247,0.0
4758,1435997063248,0.0
4759,1435997063270,0.0
4760,1435997063283,0.0
4761,1435997063301,0.0
4762,1435997063324,0.0
4763,1435997063343,0.0
4764,1435997063362,0.0
4765,1435997063383,0.0
4766,1435997063402,0.0
4767,1435997063421,0.0
4768,1435997063443,0.0
4769,1435997063464,0.0
4770,1435997063481,0.0
4771,1435997063503,0.0
4772,1435997063527,0.0
4773,1435997063545,0.0
4774,1435997063563,0.0
4775,1435997063583,0.0
4776,1435997063611,0.0
4777,1435997063624,0.0
4778,1435997063644,0.0
4779,1435997063666,0.0
4780,1435997063684,0.0
4781,1435997063703,0.0
4782,1435997063725,0.0
4783,1435997063745,0.0
4784,1435997063765,0.0
4785,1435997063785,0.0
4786,1435997063803,0.0
4787,1435997063824,0.0
4788,1435997063844,0.0
4789,1435997063877,0.0
4790,1435997063928,0.0
4791,1435997063929,0.0
4792,1435997063930,0.0
4793,1435997063947,0.0
4794,1435997063962,0.0
4795,1435997063991,0.0
4796,1435997064002,0.0
4797,1435997064024,0.0
4798,1435997064053,0.0
4799,1435997064075,0.0
4800,1435997064082,0.0
4801,1435997064103,0.0
4802,1435997064123,0.0
4803,1435997064143,0.0
4804,1435997064163,0.0
4805,1435997064185,0.0
4806,1435997064205,0.0
4807,1435997064225,0.0
4808,1435997064246,0.0
4809,1435997064265,0.0
4810,1435997064283,0.0
4811,1435997064302,0.0
4812,1435997064325,0.0
4813,1435997064343,0.0
4814,1435997064364,1.0
4815,1435997064382,1.0
4816,1435997064403,1.0
4817,1435997064424,0.0
4818,1435997064446,0.0
4819,1435997064464,0.0
4820,1435997064482,0.0
4821,1435997064504,0.0
4822,1435997064529,0.0
4823,1435997064547,0.0
4824,1435997064569,0.0
4825,1435997064587,0.0
4826,1435997064688,0.0
4827,1435997064689,0.0
4828,1435997064690,0.0
4829,1435997064691,0.0
4830,1435997064692,0.0
4831,1435997064704,0.0
4832,1435997064729,1.0
4833,1435997064743,1.0
4834,1435997064765,0.0
4835,1435997064784,1.0
4836,1435997064803,1.0
4837,1435997064824,0.0
4838,1435997064843,0.0
4839,1435997064866,0.0
4840,1435997064885,0.0
4841,1435997064905,0.0
4842,1435997064924,0.0
4843,1435997064943,0.0
4844,1435997064965,0.0
4845,1435997064985,0.0
4846,1435997065006,0.0
4847,1435997065025,0.0
4848,1435997065045,0.0
4849,1435997065067,0.0
4850,1435997065084,0.0
4851,1435997065104,0.0
4852,1435997065125,0.0
4853,1435997065148,0.0
4854,1435997065167,0.0
4855,1435997065186,0.0
4856,1435997065204,0.0
4857,1435997065224,0.0
4858,1435997065243,0.0
4859,1435997065265,0.0
4860,1435997065286,0.0
4861,1435997065307,0.0
4862,1435997065324,0.0
4863,1435997065344,0.0
4864,1435997065397,0.0
4865,1435997065398,0.0
4866,1435997065418,0.0
4867,1435997065425,0.0
4868,1435997065445,0.0
4869,1435997065468,0.0
4870,1435997065483,0.0
4871,1435997065503,0.0
4872,1435997065524,0.0
4873,1435997065545,0.0
4874,1435997065563,0.0
4875,1435997065601,0.0
4876,1435997065615,0.0
4877,1435997065627,0.0
4878,1435997065650,0.0
4879,1435997065689,0.0
4880,1435997065690,0.0
4881,1435997065705,0.0
4882,1435997065724,0.0
4883,1435997065749,0.0
4884,1435997066248,0.0
4885,1435997066249,0.0
4886,1435997066250,0.0
4887,1435997066251,0.0
4888,1435997066252,0.0
4889,1435997066253,0.0
4890,1435997066254,0.0
4891,1435997066255,0.0
4892,1435997066256,0.0
4893,1435997066257,0.0
4894,1435997066258,0.0
4895,1435997066259,0.0
4896,1435997066260,0.0
4897,1435997066261,0.0
4898,1435997066262,0.0
4899,1435997066263,0.0
4900,1435997066264,0.0
4901,1435997066265,0.0
4902,1435997066266,0.0
4903,1435997066267,0.0
4904,1435997066268,0.0
4905,1435997066269,0.0
4906,1435997066270,0.0
4907,1435997066271,0.0
4908,1435997066272,0.0
4909,1435997066273,0.0
4910,1435997066283,0.0
4911,1435997066304,0.0
4912,1435997066323,0.0
4913,1435997066343,0.0
4914,1435997066363,0.0
4915,1435997066384,0.0
4916,1435997066403,0.0
4917,1435997066423,0.0
4918,1435997066443,0.0
4919,1435997066463,0.0
4920,1435997066483,0.0
4921,1435997066503,0.0
4922,1435997066523,0.0
4923,1435997066543,0.0
4924,1435997066563,0.0
4925,1435997066583,0.0
4926,1435997066604,0.0
4927,1435997066624,0.0
4928,1435997066644,0.0
4929,1435997066665,0.0
4930,1435997066687,0.0
4931,1435997066706,0.0
4932,1435997066726,0.0
4933,1435997066744,0.0
4934,1435997066766,1.0
4935,1435997066805,1.0
4936,1435997066806,0.0
4937,1435997066825,0.0
4938,1435997066845,0.0
4939,1435997066865,0.0
4940,1435997066884,0.0
4941,1435997066905,0.0
4942,1435997066924,0.0
4943,1435997066944,0.0
4944,1435997066967,0.0
4945,1435997066988,0.0
4946,1435997067007,0.0
4947,1435997067027,0.0
4948,1435997067047,0.0
4949,1435997067065,0.0
4950,1435997067084,0.0
4951,1435997067105,0.0
4952,1435997067126,0.0
4953,1435997067148,0.0
4954,1435997067165,0.0
4955,1435997067188,0.0
4956,1435997067206,0.0
4957,1435997067231,0.0
4958,1435997067249,0.0
4959,1435997067267,0.0
4960,1435997067285,0.0
4961,1435997067309,0.0
4962,1435997067325,0.0
4963,1435997067346,0.0
4964,1435997067366,0.0
4965,1435997067385,0.0
4966,1435997067406,0.0
4967,1435997067431,0.0
4968,1435997067510,0.0
4969,1435997067511,0.0
4970,1435997067512,0.0
4971,1435997067513,0.0
4972,1435997067528,0.0
4973,1435997067553,0.0
4974,1435997067566,0.0
4975,1435997067588,0.0
4976,1435997067607,0.0
4977,1435997067626,0.0
4978,1435997067645,0.0
4979,1435997067666,0.0
4980,1435997067687,0.0
4981,1435997067706,0.0
4982,1435997067727,0.0
4983,1435997067748,0.0
4984,1435997067768,0.0
4985,1435997067786,0.0
4986,1435997067806,0.0
4987,1435997067826,0.0
4988,1435997067847,0.0
4989,1435997067867,0.0
4990,1435997067889,0.0
4991,1435997067907,0.0
4992,1435997067929,0.0
4993,1435997067948,0.0
4994,1435997067968,0.0
4995,1435997067988,0.0
4996,1435997068007,0.0
4997,1435997068027,0.0
4998,1435997068047,0.0
4999,1435997068066,0.0
5000,1435997068086,2.0
5001,1435997068108,2.0
5002,1435997068129,0.0
5003,1435997068148,0.0
5004,1435997068219,0.0
5005,1435997068220,0.0
5006,1435997068236,0.0
5007,1435997068237,0.0
5008,1435997068249,0.0
5009,1435997068266,0.0
5010,1435997068291,0.0
5011,1435997068306,1.0
5012,1435997068326,1.0
5013,1435997068348,1.0
5014,1435997068375,1.0
5015,1435997068386,2.0
5016,1435997068416,2.0
5017,1435997068430,0.0
5018,1435997068449,0.0
5019,1435997068470,0.0
5020,1435997068488,0.0
5021,1435997068507,0.0
5022,1435997068527,0.0
5023,1435997068546,0.0
5024,1435997068566,1.0
5025,1435997068587,1.0
5026,1435997068607,0.0
5027,1435997068626,0.0
5028,1435997068648,0.0
5029,1435997068668,0.0
5030,1435997068694,1.0
5031,1435997068708,0.0
5032,1435997068728,0.0
5033,1435997068748,0.0
5034,1435997068767,0.0
5035,1435997068786,0.0
5036,1435997068807,0.0
5037,1435997068830,0.0
5038,1435997068849,0.0
5039,1435997068868,0.0
5040,1435997068888,0.0
5041,1435997068907,0.0
5042,1435997068927,0.0
5043,1435997068954,0.0
5044,1435997069029,0.0
5045,1435997069030,0.0
5046,1435997069031,0.0
5047,1435997069032,0.0
5048,1435997069048,0.0
5049,1435997069075,0.0
5050,1435997069087,0.0
5051,1435997069109,0.0
5052,1435997069128,0.0
5053,1435997069147,0.0
5054,1435997069168,0.0
5055,1435997069188,0.0
5056,1435997069208,0.0
5057,1435997069227,0.0
5058,1435997069248,0.0
5059,1435997069269,0.0
5060,1435997069288,0.0
5061,1435997069307,0.0
5062,1435997069327,0.0
5063,1435997069347,0.0
5064,1435997069368,0.0
5065,1435997069389,0.0
5066,1435997069409,0.0
5067,1435997069438,0.0
5068,1435997069447,0.0
5069,1435997069468,0.0
5070,1435997069490,0.0
5071,1435997069509,0.0
5072,1435997069528,0.0
5073,1435997069550,0.0
5074,1435997069570,0.0
5075,1435997069594,0.0
5076,1435997069609,0.0
5077,1435997069644,0.0
5078,1435997069662,0.0
5079,1435997069668,0.0
5080,1435997069687,0.0
5081,1435997069717,0.0
5082,1435997069743,0.0
5083,1435997069749,0.0
5084,1435997069767,0.0
5085,1435997069788,0.0
5086,1435997069808,0.0
5087,1435997069827,0.0
5088,1435997069847,0.0
5089,1435997069868,0.0
5090,1435997069891,0.0
5091,1435997069910,0.0
5092,1435997069928,0.0
5093,1435997069951,0.0
5094,1435997069967,0.0
5095,1435997069988,0.0
5096,1435997070008,0.0
5097,1435997070028,0.0
5098,1435997070048,0.0
5099,1435997070068,0.0
5100,1435997070088,0.0
5101,1435997070108,0.0
5102,1435997070130,0.0
5103,1435997070150,0.0
5104,1435997070171,0.0
5105,1435997070189,0.0
5106,1435997070213,0.0
5107,1435997070231,0.0
5108,1435997070252,0.0
5109,1435997070270,0.0
5110,1435997070289,0.0
5111,1435997070309,0.0
5112,1435997070328,0.0
5113,1435997070352,0.0
5114,1435997070373,0.0
5115,1435997070392,0.0
5116,1435997070410,0.0
5117,1435997070559,0.0
5118,1435997070560,0.0
5119,1435997070561,0.0
5120,1435997070562,0.0
5121,1435997070563,0.0
5122,1435997070564,0.0
5123,1435997070565,0.0
5124,1435997070603,0.0
5125,1435997070604,0.0
5126,1435997070629,1.0
5127,1435997070630,1.0
5128,1435997070664,1.0
5129,1435997070682,1.0
5130,1435997070689,1.0
5131,1435997070708,1.0
5132,1435997070728,1.0
5133,1435997070748,1.0
5134,1435997070769,0.0
5135,1435997070791,0.0
5136,1435997070810,0.0
5137,1435997070828,0.0
5138,1435997070848,0.0
5139,1435997070869,0.0
5140,1435997070891,0.0
5141,1435997070908,0.0
5142,1435997070936,0.0
5143,1435997070949,0.0
5144,1435997070969,0.0
5145,1435997070988,0.0
5146,1435997071009,0.0
5147,1435997071028,0.0
5148,1435997071049,0.0
5149,1435997071073,0.0
5150,1435997071093,0.0
5151,1435997071109,0.0
5152,1435997071131,0.0
5153,1435997071152,0.0
5154,1435997071171,0.0
5155,1435997071197,0.0
5156,1435997071241,0.0
5157,1435997071242,0.0
5158,1435997071249,0.0
5159,1435997071270,0.0
5160,1435997071288,0.0
5161,1435997071308,0.0
5162,1435997071328,0.0
5163,1435997071348,0.0
5164,1435997071368,0.0
5165,1435997071388,0.0
5166,1435997071408,0.0
5167,1435997071428,0.0
5168,1435997071448,0.0
5169,1435997071468,0.0
5170,1435997071490,0.0
5171,1435997071508,0.0
5172,1435997071529,0.0
5173,1435997071552,0.0
5174,1435997071570,0.0
5175,1435997071590,0.0
5176,1435997071609,0.0
5177,1435997071630,0.0
5178,1435997071650,0.0
5179,1435997071670,0.0
5180,1435997071693,0.0
5181,1435997071712,0.0
5182,1435997071731,0.0
5183,1435997071753,0.0
5184,1435997071770,0.0
5185,1435997071789,0.0
5186,1435997071810,0.0
5187,1435997071832,0.0
5188,1435997071874,0.0
5189,1435997071875,0.0
5190,1435997071888,0.0
5191,1435997071908,0.0
5192,1435997071928,0.0
5193,1435997071951,0.0
5194,1435997071969,0.0
5195,1435997071993,0.0
5196,1435997072010,0.0
5197,1435997072029,0.0
5198,1435997072051,0.0
5199,1435997072075,0.0
5200,1435997072093,0.0
5201,1435997072112,0.0
5202,1435997072131,0.0
5203,1435997072151,0.0
5204,1435997072171,0.0
5205,1435997072194,0.0
5206,1435997072214,0.0
5207,1435997072232,0.0
5208,1435997072254,0.0
5209,1435997072271,0.0
5210,1435997072290,0.0
5211,1435997072310,0.0
5212,1435997072330,0.0
5213,1435997072355,0.0
5214,1435997072376,0.0
5215,1435997072393,0.0
5216,1435997072411,0.0
5217,1435997072430,0.0
5218,1435997072450,0.0
5219,1435997072484,0.0
5220,1435997072558,0.0
5221,1435997072559,0.0
5222,1435997072560,0.0
5223,1435997072595,0.0
5224,1435997072596,0.0
5225,1435997072597,0.0
5226,1435997072620,0.0
5227,1435997072630,0.0
5228,1435997072650,0.0
5229,1435997072670,0.0
5230,1435997072694,0.0
5231,1435997072710,0.0
5232,1435997072731,0.0
5233,1435997072756,0.0
5234,1435997072771,0.0
5235,1435997072793,0.0
5236,1435997072812,0.0
5237,1435997072833,0.0
5238,1435997072853,0.0
5239,1435997072875,0.0
5240,1435997072894,0.0
5241,1435997072912,0.0
5242,1435997072931,0.0
5243,1435997072952,0.0
5244,1435997072975,0.0
5245,1435997072991,1.0
5246,1435997073013,1.0
5247,1435997073033,1.0
5248,1435997073053,1.0
5249,1435997073075,1.0
5250,1435997073094,1.0
5251,1435997073113,1.0
5252,1435997073132,1.0
5253,1435997073150,1.0
5254,1435997073174,1.0
5255,1435997073195,1.0
5256,1435997073214,1.0
5257,1435997073338,1.0
5258,1435997073339,1.0
5259,1435997073340,1.0
5260,1435997073341,2.0
5261,1435997073342,2.0
5262,1435997073343,2.0
5263,1435997073355,2.0
5264,1435997073377,2.0
5265,1435997073391,2.0
5266,1435997073411,2.0
5267,1435997073446,2.0
5268,1435997073453,2.0
5269,1435997073471,2.0
5270,1435997073491,2.0
5271,1435997073511,2.0
5272,1435997073538,2.0
5273,1435997073556,2.0
5274,1435997073580,2.0
5275,1435997073595,2.0
5276,1435997073614,2.0
5277,1435997073631,2.0
5278,1435997073652,2.0
5279,1435997073674,2.0
5280,1435997073694,2.0
5281,1435997073715,2.0
5282,1435997073731,2.0
5283,1435997073754,3.0
5284,1435997073774,3.0
5285,1435997073794,3.0
5286,1435997073812,3.0
5287,1435997073832,3.0
5288,1435997073851,3.0
5289,1435997073874,3.0
5290,1435997073894,3.0
5291,1435997073913,3.0
5292,1435997073933,3.0
5293,1435997073952,3.0
5294,1435997073975,3.0
5295,1435997074060,3.0
5296,1435997074061,3.0
5297,1435997074062,3.0
5298,1435997074063,3.0
5299,1435997074072,3.0
5300,1435997074095,3.0
5301,1435997074115,3.0
5302,1435997074132,3.0
5303,1435997074152,3.0
5304,1435997074173,3.0
5305,1435997074193,3.0
5306,1435997074212,3.0
5307,1435997074236,3.0
5308,1435997074252,3.0
5309,1435997074276,3.0
5310,1435997074295,3.0
5311,1435997074313,3.0
5312,1435997074332,3.0
5313,1435997074353,3.0
5314,1435997074375,3.0
5315,1435997074395,3.0
5316,1435997074415,3.0
5317,1435997074436,3.0
5318,1435997074456,3.0
5319,1435997074474,3.0
5320,1435997074494,3.0
5321,1435997074515,3.0
5322,1435997074542,3.0
5323,1435997074606,3.0
5324,1435997074607,3.0
5325,1435997074608,3.0
5326,1435997074613,3.0
5327,1435997074634,3.0
5328,1435997074655,3.0
5329,1435997074676,3.0
5330,1435997074696,3.0
5331,1435997074713,3.0
5332,1435997074738,3.0
5333,1435997074806,3.0
5334,1435997074807,3.0
5335,1435997074808,3.0
5336,1435997074815,3.0
5337,1435997074845,3.0
5338,1435997074854,3.0
5339,1435997074873,3.0
5340,1435997074894,4.0
5341,1435997074913,4.0
5342,1435997074932,4.0
5343,1435997074954,4.0
5344,1435997074974,4.0
5345,1435997074994,4.0
5346,1435997075016,5.0
5347,1435997075036,5.0
5348,1435997075056,5.0
5349,1435997075076,5.0
5350,1435997075096,5.0
5351,1435997075116,5.0
5352,1435997075135,5.0
5353,1435997075154,5.0
5354,1435997075175,5.0
5355,1435997075193,4.0
5356,1435997075216,4.0
5357,1435997075235,4.0
5358,1435997075255,4.0
5359,1435997075275,4.0
5360,1435997075296,5.0
5361,1435997075316,5.0
5362,1435997075335,4.0
5363,1435997075354,4.0
5364,1435997075376,4.0
5365,1435997075397,4.0
5366,1435997075417,5.0
5367,1435997075435,5.0
5368,1435997075465,5.0
5369,1435997075557,5.0
5370,1435997075558,5.0
5371,1435997075559,5.0
5372,1435997075560,5.0
5373,1435997075561,6.0
5374,1435997075626,6.0
5375,1435997075627,6.0
5376,1435997075669,6.0
5377,1435997075670,6.0
5378,1435997075671,6.0
5379,1435997075677,6.0
5380,1435997075718,6.0
5381,1435997075719,6.0
5382,1435997075743,6.0
5383,1435997075754,6.0
5384,1435997075775,6.0
5385,1435997075793,6.0
5386,1435997075815,6.0
5387,1435997075833,6.0
5388,1435997075855,6.0
5389,1435997075875,7.0
5390,1435997075893,7.0
5391,1435997075913,7.0
5392,1435997075979,7.0
5393,1435997075980,7.0
5394,1435997075981,7.0
5395,1435997075994,7.0
5396,1435997076013,7.0
5397,1435997076036,8.0
5398,1435997076054,9.0
5399,1435997076076,9.0
5400,1435997076095,9.0
5401,1435997076117,9.0
5402,1435997076137,10.0
5403,1435997076158,10.0
5404,1435997076177,10.0
5405,1435997076195,10.0
5406,1435997076214,10.0
5407,1435997076234,10.0
5408,1435997076258,10.0
5409,1435997076288,10.0
5410,1435997076295,10.0
5411,1435997076314,10.0
5412,1435997076334,10.0
5413,1435997076353,10.0
5414,1435997076375,10.0
5415,1435997076393,10.0
5416,1435997076414,10.0
5417,1435997076435,11.0
5418,1435997076457,11.0
5419,1435997076483,11.0
5420,1435997076495,12.0
5421,1435997076517,12.0
5422,1435997076537,12.0
5423,1435997076555,12.0
5424,1435997076574,13.0
5425,1435997076595,13.0
5426,1435997076618,15.0
5427,1435997076635,15.0
5428,1435997076658,15.0
5429,1435997076677,15.0
5430,1435997076697,15.0
5431,1435997076714,15.0
5432,1435997076734,15.0
5433,1435997076754,16.0
5434,1435997076776,16.0
5435,1435997076797,16.0
5436,1435997076817,16.0
5437,1435997076836,16.0
5438,1435997076855,16.0
5439,1435997076875,16.0
5440,1435997076903,16.0
5441,1435997076961,16.0
5442,1435997076962,16.0
5443,1435997076963,16.0
5444,1435997076985,17.0
5445,1435997076995,17.0
5446,1435997077024,17.0
5447,1435997077035,17.0
5448,1435997077057,18.0
5449,1435997077078,18.0
5450,1435997077096,20.0
5451,1435997077114,23.0
5452,1435997077134,23.0
5453,1435997077156,24.0
5454,1435997077176,24.0
5455,1435997077198,25.0
5456,1435997077219,25.0
5457,1435997077238,26.0
5458,1435997077258,26.0
5459,1435997077278,26.0
5460,1435997077297,26.0
5461,1435997077316,26.0
5462,1435997077335,27.0
5463,1435997077356,27.0
5464,1435997077376,27.0
5465,1435997077395,27.0
5466,1435997077415,28.0
5467,1435997077435,28.0
5468,1435997077455,28.0
5469,1435997077477,28.0
5470,1435997077501,29.0
5471,1435997077522,29.0
5472,1435997077539,31.0
5473,1435997077556,33.0
5474,1435997077576,33.0
5475,1435997077597,36.0
5476,1435997077616,36.0
5477,1435997077636,41.0
5478,1435997077713,41.0
5479,1435997077714,43.0
5480,1435997077716,43.0
5481,1435997077717,44.0
5482,1435997077737,45.0
5483,1435997077759,45.0
5484,1435997077775,45.0
5485,1435997077797,45.0
5486,1435997077818,47.0
5487,1435997077835,47.0
5488,1435997077856,49.0
5489,1435997077876,49.0
5490,1435997077897,49.0
5491,1435997077918,49.0
5492,1435997077939,51.0
5493,1435997077958,52.0
5494,1435997077977,52.0
5495,1435997077997,53.0
5496,1435997078016,53.0
5497,1435997078035,56.0
5498,1435997078055,56.0
5499,1435997078076,61.0
5500,1435997078098,61.0
5501,1435997078116,66.0
5502,1435997078137,66.0
5503,1435997078158,72.0
5504,1435997078180,75.0
5505,1435997078199,75.0
5506,1435997078218,76.0
5507,1435997078237,76.0
5508,1435997078256,78.0
5509,1435997078275,78.0
5510,1435997078297,79.0
5511,1435997078320,79.0
5512,1435997078340,79.0
5513,1435997078358,79.0
5514,1435997078384,81.0
5515,1435997078520,83.0
5516,1435997078521,83.0
5517,1435997078522,84.0
5518,1435997078523,84.0
5519,1435997078524,88.0
5520,1435997078525,88.0
5521,1435997078526,91.0
5522,1435997078558,91.0
5523,1435997078559,95.0
5524,1435997078576,102.0
5525,1435997078598,102.0
5526,1435997078630,107.0
5527,1435997078636,107.0
5528,1435997078662,117.0
5529,1435997078677,117.0
5530,1435997078698,124.0
5531,1435997078718,124.0
5532,1435997078739,128.0
5533,1435997078758,128.0
5534,1435997078778,129.0
5535,1435997078797,132.0
5536,1435997078817,132.0
5537,1435997078836,139.0
5538,1435997078857,139.0
5539,1435997078876,146.0
5540,1435997078897,146.0
5541,1435997078918,147.0
5542,1435997078938,147.0
5543,1435997078957,146.0
5544,1435997078978,146.0
5545,1435997078997,150.0
5546,1435997079019,155.0
5547,1435997079040,155.0
5548,1435997079060,158.0
5549,1435997079078,158.0
5550,1435997079097,166.0
5551,1435997079116,166.0
5552,1435997079138,175.0
5553,1435997079163,175.0
5554,1435997079221,185.0
5555,1435997079222,185.0
5556,1435997079223,192.0
5557,1435997079245,195.0
5558,1435997079257,195.0
5559,1435997079283,195.0
5560,1435997079298,195.0
5561,1435997079317,203.0
5562,1435997079339,203.0
5563,1435997079358,203.0
5564,1435997079377,203.0
5565,1435997079399,204.0
5566,1435997079418,210.0
5567,1435997079438,210.0
5568,1435997079458,222.0
5569,1435997079477,222.0
5570,1435997079502,225.0
5571,1435997079517,225.0
5572,1435997079539,231.0
5573,1435997079558,231.0
5574,1435997079635,243.0
5575,1435997079636,243.0
5576,1435997079649,263.0
5577,1435997079650,268.0
5578,1435997079668,268.0
5579,1435997079679,284.0
5580,1435997079698,284.0
5581,1435997079718,293.0
5582,1435997079739,293.0
5583,1435997079760,301.0
5584,1435997079780,301.0
5585,1435997079797,306.0
5586,1435997079817,306.0
5587,1435997079837,322.0
5588,1435997079857,325.0
5589,1435997079878,325.0
5590,1435997079898,333.0
5591,1435997079921,333.0
5592,1435997079970,337.0
5593,1435997079971,337.0
5594,1435997079990,345.0
5595,1435997079998,345.0
5596,1435997080017,350.0
5597,1435997080041,350.0
5598,1435997080057,356.0
5599,1435997080078,366.0
5600,1435997080098,366.0
5601,1435997080117,374.0
5602,1435997080139,374.0
5603,1435997080159,381.0
5604,1435997080180,381.0
5605,1435997080198,390.0
5606,1435997080217,390.0
5607,1435997080238,403.0
5608,1435997080259,405.0
5609,1435997080278,405.0
5610,1435997080300,412.0
5611,1435997080319,412.0
5612,1435997080339,417.0
5613,1435997080358,417.0
5614,1435997080380,425.0
5615,1435997080399,425.0
5616,1435997080418,431.0
5617,1435997080440,431.0
5618,1435997080460,445.0
5619,1435997080478,451.0
5620,1435997080500,451.0
5621,1435997080520,447.0
5622,1435997080542,447.0
5623,1435997080560,448.0
5624,1435997080579,448.0
5625,1435997080598,454.0
5626,1435997080620,454.0
5627,1435997080649,458.0
5628,1435997080704,458.0
5629,1435997080705,468.0
5630,1435997080706,469.0
5631,1435997080728,469.0
5632,1435997080738,481.0
5633,1435997080759,481.0
5634,1435997080778,494.0
5635,1435997080799,494.0
5636,1435997080818,495.0
5637,1435997080838,495.0
5638,1435997080858,503.0
5639,1435997080879,503.0
5640,1435997080900,504.0
5641,1435997080918,516.0
5642,1435997080940,516.0
5643,1435997080962,523.0
5644,1435997080994,523.0
5645,1435997080998,531.0
5646,1435997081018,531.0
5647,1435997081039,537.0
5648,1435997081058,537.0
5649,1435997081078,541.0
5650,1435997081098,545.0
5651,1435997081120,545.0
5652,1435997081151,555.0
5653,1435997081158,555.0
5654,1435997081178,561.0
5655,1435997081197,561.0
5656,1435997081217,568.0
5657,1435997081237,568.0
5658,1435997081257,579.0
5659,1435997081278,579.0
5660,1435997081298,591.0
5661,1435997081318,593.0
5662,1435997081338,593.0
5663,1435997081357,598.0
5664,1435997081378,598.0
5665,1435997081400,604.0
5666,1435997081418,604.0
5667,1435997081439,616.0
5668,1435997081458,616.0
5669,1435997081480,625.0
5670,1435997081501,625.0
5671,1435997081519,633.0
5672,1435997081538,657.0
5673,1435997081559,657.0
5674,1435997081580,1069.0
5675,1435997081599,1069.0
5676,1435997081621,3071.0
5677,1435997081642,3071.0
5678,1435997081662,4160.0
5679,1435997081682,4160.0
5680,1435997081701,9024.0
5681,1435997081724,9024.0
5682,1435997081741,6155.0
5683,1435997081759,5472.0
5684,1435997081780,5472.0
5685,1435997081800,6429.0
5686,1435997081820,6429.0
5687,1435997081839,6822.0
5688,1435997081863,6822.0
5689,1435997081878,7129.0
5690,1435997081904,7129.0
5691,1435997081921,7219.0
5692,1435997081939,5405.0
5693,1435997081958,8478.0
5694,1435997081979,7538.0
5695,1435997081999,7538.0
5696,1435997082054,8201.0
5697,1435997082055,8201.0
5698,1435997082059,8822.0
5699,1435997082080,8822.0
5700,1435997082098,9337.0
5701,1435997082119,9337.0
5702,1435997082140,9589.0
5703,1435997082160,10094.0
5704,1435997082180,10094.0
5705,1435997082200,11098.0
5706,1435997082221,11098.0
5707,1435997082239,11026.0
5708,1435997082261,11026.0
5709,1435997082282,11082.0
5710,1435997082302,11082.0
5711,1435997082323,11309.0
5712,1435997082344,11309.0
5713,1435997082362,11434.0
5714,1435997082381,11024.0
5715,1435997082400,11024.0
5716,1435997082420,11088.0
5717,1435997082443,11088.0
5718,1435997082462,11213.0
5719,1435997082482,11213.0
5720,1435997082502,10991.0
5721,1435997082528,10991.0
5722,1435997082543,11275.0
5723,1435997082565,11275.0
5724,1435997082593,11207.0
5725,1435997082601,11401.0
5726,1435997082623,11401.0
5727,1435997082641,10991.0
5728,1435997082670,10991.0
5729,1435997082743,11022.0
5730,1435997082744,11022.0
5731,1435997082745,10971.0
5732,1435997082746,10971.0
5733,1435997082761,11092.0
5734,1435997082786,10840.0
5735,1435997082801,11310.0
5736,1435997082824,11474.0
5737,1435997082843,11474.0
5738,1435997082861,12185.0
5739,1435997082881,12185.0
5740,1435997082902,13274.0
5741,1435997082921,13274.0
5742,1435997082942,12893.0
5743,1435997082963,12893.0
5744,1435997082983,13478.0
5745,1435997083003,13756.0
5746,1435997083023,13756.0
5747,1435997083042,13737.0
5748,1435997083060,13737.0
5749,1435997083082,13211.0
5750,1435997083103,13211.0
5751,1435997083125,12957.0
5752,1435997083142,12957.0
5753,1435997083163,13121.0
5754,1435997083181,13121.0
5755,1435997083200,11997.0
5756,1435997083220,12757.0
5757,1435997083274,12757.0
5758,1435997083275,11783.0
5759,1435997083284,11783.0
5760,1435997083303,11223.0
5761,1435997083323,11223.0
5762,1435997083343,11933.0
5763,1435997083364,11933.0
5764,1435997083383,11318.0
5765,1435997083453,11318.0
5766,1435997083454,11466.0
5767,1435997083455,11653.0
5768,1435997083474,11653.0
5769,1435997083482,11880.0
5770,1435997083501,11880.0
5771,1435997083528,12244.0
5772,1435997083541,12244.0
5773,1435997083560,11999.0
5774,1435997083581,11999.0
5775,1435997083601,11477.0
5776,1435997083643,11688.0
5777,1435997083644,11483.0
5778,1435997083693,10704.0
5779,1435997083694,10704.0
5780,1435997083704,10845.0
5781,1435997083724,10845.0
5782,1435997083744,10542.0
5783,1435997083762,10542.0
5784,1435997083781,10456.0
5785,1435997083803,10456.0
5786,1435997083824,11063.0
5787,1435997083844,10614.0
5788,1435997083864,10614.0
5789,1435997083884,10946.0
5790,1435997083904,10946.0
5791,1435997083924,10115.0
5792,1435997083943,10115.0
5793,1435997083963,10567.0
5794,1435997083981,10567.0
5795,1435997084003,11463.0
5796,1435997084024,11463.0
5797,1435997084044,11862.0
5798,1435997084064,12115.0
5799,1435997084084,12115.0
5800,1435997084105,11672.0
5801,1435997084125,11672.0
5802,1435997084144,11670.0
5803,1435997084162,11670.0
5804,1435997084182,11710.0
5805,1435997084211,11710.0
5806,1435997084267,11858.0
5807,1435997084281,11858.0
5808,1435997084282,10758.0
5809,1435997084283,10860.0
5810,1435997084302,10860.0
5811,1435997084328,10968.0
5812,1435997084344,10968.0
5813,1435997084365,11551.0
5814,1435997084384,11551.0
5815,1435997084403,12513.0
5816,1435997084424,12513.0
5817,1435997084443,12008.0
5818,1435997084466,11991.0
5819,1435997084485,12118.0
5820,1435997084503,12938.0
5821,1435997084529,12938.0
5822,1435997084543,13746.0
5823,1435997084565,13746.0
5824,1435997084591,13515.0
5825,1435997084605,13515.0
5826,1435997084625,13523.0
5827,1435997084647,13523.0
5828,1435997084667,12609.0
5829,1435997084682,13123.0
5830,1435997084749,13123.0
5831,1435997084750,12131.0
5832,1435997084751,12131.0
5833,1435997084763,12527.0
5834,1435997084840,12527.0
5835,1435997084841,12438.0
5836,1435997084842,12438.0
5837,1435997084843,11539.0
5838,1435997084862,11539.0
5839,1435997084882,11255.0
5840,1435997084903,12039.0
5841,1435997084923,12039.0
5842,1435997084943,11350.0
5843,1435997084990,11350.0
5844,1435997084991,12188.0
5845,1435997085005,12188.0
5846,1435997085024,12127.0
5847,1435997085043,12127.0
5848,1435997085075,12050.0
5849,1435997085090,12050.0
5850,1435997085113,12931.0
5851,1435997085123,12097.0
5852,1435997085143,12097.0
5853,1435997085163,13053.0
5854,1435997085184,13053.0
5855,1435997085202,13806.0
5856,1435997085222,13806.0
5857,1435997085243,12039.0
5858,1435997085266,12039.0
5859,1435997085286,12137.0
5860,1435997085306,12347.0
5861,1435997085323,11706.0
5862,1435997085342,12992.0
5863,1435997085363,12992.0
5864,1435997085383,11390.0
5865,1435997085406,11390.0
5866,1435997085425,10770.0
5867,1435997085442,10770.0
5868,1435997085462,10397.0
5869,1435997085486,10397.0
5870,1435997085506,5520.0
5871,1435997085527,1580.0
5872,1435997085546,1580.0
5873,1435997085562,524.0
5874,1435997085582,524.0
5875,1435997085602,517.0
5876,1435997085623,517.0
5877,1435997085659,514.0
5878,1435997085663,514.0
5879,1435997085682,502.0
5880,1435997085703,502.0
5881,1435997085730,500.0
5882,1435997085744,475.0
5883,1435997085766,475.0
5884,1435997085785,462.0
5885,1435997085803,462.0
5886,1435997085824,439.0
5887,1435997085845,439.0
5888,1435997085866,438.0
5889,1435997085883,438.0
5890,1435997085905,431.0
5891,1435997085927,431.0
5892,1435997085945,421.0
5893,1435997085964,406.0
5894,1435997085983,406.0
5895,1435997086003,402.0
5896,1435997086026,402.0
5897,1435997086043,406.0
5898,1435997086067,406.0
5899,1435997086088,413.0
5900,1435997086108,413.0
5901,1435997086128,421.0
5902,1435997086147,423.0
5903,1435997086166,423.0
5904,1435997086184,420.0
5905,1435997086203,420.0
5906,1435997086227,415.0
5907,1435997086247,415.0
5908,1435997086268,412.0
5909,1435997086285,412.0
5910,1435997086401,426.0
5911,1435997086402,426.0
5912,1435997086413,426.0
5913,1435997086414,446.0
5914,1435997086415,446.0
5915,1435997086416,458.0
5916,1435997086424,458.0
5917,1435997086443,444.0
5918,1435997086464,444.0
5919,1435997086484,432.0
5920,1435997086504,432.0
5921,1435997086525,434.0
5922,1435997086543,434.0
5923,1435997086568,452.0
5924,1435997086596,459.0
5925,1435997086603,459.0
5926,1435997086642,466.0
5927,1435997086643,466.0
5928,1435997086664,480.0
5929,1435997086684,480.0
5930,1435997086703,484.0
5931,1435997086723,484.0
5932,1435997086744,473.0
5933,1435997086768,473.0
5934,1435997086783,465.0
5935,1435997086806,457.0
5936,1435997086825,457.0
5937,1435997086844,461.0
5938,1435997086865,461.0
5939,1435997086884,449.0
5940,1435997086907,449.0
5941,1435997086924,437.0
5942,1435997086945,437.0
5943,1435997086964,436.0
5944,1435997086984,436.0
5945,1435997087005,426.0
5946,1435997087025,418.0
5947,1435997087046,418.0
5948,1435997087067,408.0
5949,1435997087087,408.0
5950,1435997087104,415.0
5951,1435997087129,415.0
5952,1435997087157,416.0
5953,1435997087174,416.0
5954,1435997087196,421.0
5955,1435997087205,422.0
5956,1435997087225,422.0
5957,1435997087246,420.0
5958,1435997087265,420.0
5959,1435997087284,418.0
5960,1435997087308,418.0
5961,1435997087325,418.0
5962,1435997087346,418.0
5963,1435997087367,426.0
5964,1435997087386,426.0
5965,1435997087408,420.0
5966,1435997087427,415.0
5967,1435997087446,415.0
5968,1435997087464,421.0
5969,1435997087486,421.0
5970,1435997087506,414.0
5971,1435997087528,414.0
5972,1435997087546,398.0
5973,1435997087569,398.0
5974,1435997087586,397.0
5975,1435997087605,397.0
5976,1435997087625,405.0
5977,1435997087649,413.0
5978,1435997087669,413.0
5979,1435997087690,416.0
5980,1435997087709,416.0
5981,1435997087727,419.0
5982,1435997087745,419.0
5983,1435997087765,417.0
5984,1435997087785,417.0
5985,1435997087806,411.0
5986,1435997087869,411.0
5987,1435997087870,408.0
5988,1435997087871,402.0
5989,1435997087885,402.0
5990,1435997087918,404.0
5991,1435997087949,404.0
5992,1435997087950,401.0
5993,1435997087976,401.0
5994,1435997087986,393.0
5995,1435997088011,393.0
5996,1435997088025,391.0
5997,1435997088047,388.0
5998,1435997088065,388.0
5999,1435997088085,389.0
6000,1435997088105,389.0
6001,1435997088126,387.0
6002,1435997088147,387.0
6003,1435997088166,390.0
6004,1435997088188,390.0
6005,1435997088206,398.0
6006,1435997088229,398.0
6007,1435997088246,395.0
6008,1435997088268,398.0
6009,1435997088289,398.0
6010,1435997088308,404.0
6011,1435997088329,404.0
6012,1435997088348,399.0
6013,1435997088367,399.0
6014,1435997088386,400.0
6015,1435997088405,400.0
6016,1435997088427,397.0
6017,1435997088448,397.0
6018,1435997088481,398.0
6019,1435997088491,398.0
6020,1435997088508,398.0
6021,1435997088535,399.0
6022,1435997088606,399.0
6023,1435997088607,408.0
6024,1435997088608,408.0
6025,1435997088609,430.0
6026,1435997088632,430.0
6027,1435997088646,433.0
6028,1435997088668,433.0
6029,1435997088688,416.0
6030,1435997088709,406.0
6031,1435997088727,406.0
6032,1435997088746,405.0
6033,1435997088766,405.0
6034,1435997088786,409.0
6035,1435997088808,409.0
6036,1435997088826,409.0
6037,1435997088848,409.0
6038,1435997088869,407.0
6039,1435997088888,410.0
6040,1435997088907,410.0
6041,1435997088927,419.0
6042,1435997088946,419.0
6043,1435997088966,412.0
6044,1435997088987,412.0
6045,1435997089009,405.0
6046,1435997089026,405.0
6047,1435997089048,402.0
6048,1435997089066,402.0
6049,1435997089086,395.0
6050,1435997089106,389.0
6051,1435997089131,389.0
6052,1435997089151,393.0
6053,1435997089172,393.0
6054,1435997089189,395.0
6055,1435997089207,395.0
6056,1435997089227,403.0
6057,1435997089246,403.0
6058,1435997089267,399.0
6059,1435997089289,399.0
6060,1435997089337,389.0
6061,1435997089338,391.0
6062,1435997089358,391.0
6063,1435997089366,389.0
6064,1435997089386,389.0
6065,1435997089407,383.0
6066,1435997089426,383.0
6067,1435997089446,384.0
6068,1435997089468,384.0
6069,1435997089487,395.0
6070,1435997089509,395.0
6071,1435997089529,399.0
6072,1435997089549,401.0
6073,1435997089567,401.0
6074,1435997089592,392.0
6075,1435997089608,392.0
6076,1435997089628,379.0
6077,1435997089647,379.0
6078,1435997089667,368.0
6079,1435997089687,368.0
6080,1435997089707,375.0
6081,1435997089727,375.0
6082,1435997089748,375.0
6083,1435997089768,376.0
6084,1435997089788,376.0
6085,1435997089807,371.0
6086,1435997089827,371.0
6087,1435997089849,374.0
6088,1435997089870,374.0
6089,1435997089890,375.0
6090,1435997089910,375.0
6091,1435997089927,368.0
6092,1435997089949,372.0
6093,1435997089968,372.0
6094,1435997089988,358.0
6095,1435997090018,358.0
6096,1435997090027,316.0
6097,1435997090076,316.0
6098,1435997090077,330.0
6099,1435997090096,330.0
6100,1435997090107,357.0
6101,1435997090132,357.0
6102,1435997090147,375.0
6103,1435997090169,378.0
6104,1435997090204,378.0
6105,1435997090207,369.0
6106,1435997090227,369.0
6107,1435997090255,358.0
6108,1435997090275,358.0
6109,1435997090288,351.0
6110,1435997090307,351.0
6111,1435997090328,348.0
6112,1435997090350,348.0
6113,1435997090369,346.0
6114,1435997090387,343.0
6115,1435997090407,343.0
6116,1435997090427,335.0
6117,1435997090448,335.0
6118,1435997090467,328.0
6119,1435997090488,328.0
6120,1435997090510,327.0
6121,1435997090530,327.0
6122,1435997090549,331.0
6123,1435997090570,336.0
6124,1435997090592,336.0
6125,1435997090611,337.0
6126,1435997090628,337.0
6127,1435997090648,342.0
6128,1435997090668,342.0
6129,1435997090688,345.0
6130,1435997090711,345.0
6131,1435997090731,353.0
6132,1435997090751,353.0
6133,1435997090769,347.0
6134,1435997090868,336.0
6135,1435997090869,336.0
6136,1435997090870,325.0
6137,1435997090871,325.0
6138,1435997090872,321.0
6139,1435997090890,321.0
6140,1435997090912,317.0
6141,1435997090928,317.0
6142,1435997090948,308.0
6143,1435997090983,308.0
6144,1435997090988,305.0
6145,1435997091011,301.0
6146,1435997091030,301.0
6147,1435997091048,295.0
6148,1435997091068,295.0
6149,1435997091088,290.0
6150,1435997091110,290.0
6151,1435997091130,294.0
6152,1435997091150,294.0
6153,1435997091169,297.0
6154,1435997091189,297.0
6155,1435997091209,302.0
6156,1435997091229,312.0
6157,1435997091249,312.0
6158,1435997091275,321.0
6159,1435997091290,321.0
6160,1435997091308,328.0
6161,1435997091329,328.0
6162,1435997091349,319.0
6163,1435997091421,319.0
6164,1435997091422,315.0
6165,1435997091423,307.0
6166,1435997091434,307.0
6167,1435997091448,304.0
6168,1435997091468,304.0
6169,1435997091488,302.0
6170,1435997091508,302.0
6171,1435997091528,296.0
6172,1435997091548,296.0
6173,1435997091577,290.0
6174,1435997091594,290.0
6175,1435997091608,284.0
6176,1435997091629,280.0
6177,1435997091649,280.0
6178,1435997091671,279.0
6179,1435997091690,279.0
6180,1435997091708,281.0
6181,1435997091728,281.0
6182,1435997091748,282.0
6183,1435997091769,282.0
6184,1435997091788,283.0
6185,1435997091808,283.0
6186,1435997091828,287.0
6187,1435997091848,286.0
6188,1435997091868,286.0
6189,1435997091888,274.0
6190,1435997091909,274.0
6191,1435997091928,261.0
6192,1435997091948,261.0
6193,1435997091969,237.0
6194,1435997091991,237.0
6195,1435997092009,199.0
6196,1435997092032,199.0
6197,1435997092049,128.0
6198,1435997092071,128.0
6199,1435997092090,128.0
6200,1435997092109,241.0
6201,1435997092128,241.0
6202,1435997092150,269.0
6203,1435997092172,269.0
6204,1435997092191,262.0
6205,1435997092212,262.0
6206,1435997092231,260.0
6207,1435997092253,263.0
6208,1435997092269,263.0
6209,1435997092317,265.0
6210,1435997092318,265.0
6211,1435997092329,270.0
6212,1435997092350,270.0
6213,1435997092369,276.0
6214,1435997092389,276.0
6215,1435997092409,284.0
6216,1435997092430,284.0
6217,1435997092448,282.0
6218,1435997092471,278.0
6219,1435997092493,278.0
6220,1435997092510,272.0
6221,1435997092533,272.0
6222,1435997092553,273.0
6223,1435997092571,273.0
6224,1435997092589,275.0
6225,1435997092611,275.0
6226,1435997092633,282.0
6227,1435997092653,282.0
6228,1435997092674,295.0
6229,1435997092690,293.0
6230,1435997092713,293.0
6231,1435997092730,281.0
6232,1435997092750,281.0
6233,1435997092769,275.0
6234,1435997092791,275.0
6235,1435997092809,272.0
6236,1435997092838,272.0
6237,1435997092853,272.0
6238,1435997092876,272.0
6239,1435997092891,270.0
6240,1435997092915,268.0
6241,1435997093027,268.0
6242,1435997093029,274.0
6243,1435997093030,274.0
6244,1435997093031,261.0
6245,1435997093032,261.0
6246,1435997093033,250.0
6247,1435997093050,250.0
6248,1435997093075,242.0
6249,1435997093090,233.0
6250,1435997093110,233.0
6251,1435997093145,231.0
6252,1435997093151,231.0
6253,1435997093176,235.0
6254,1435997093191,235.0
6255,1435997093211,241.0
6256,1435997093234,241.0
6257,1435997093277,255.0
6258,1435997093278,255.0
6259,1435997093293,263.0
6260,1435997093313,256.0
6261,1435997093333,256.0
6262,1435997093353,252.0
6263,1435997093374,252.0
6264,1435997093397,259.0
6265,1435997093411,259.0
6266,1435997093432,272.0
6267,1435997093453,272.0
6268,1435997093475,263.0
6269,1435997093494,263.0
6270,1435997093513,259.0
6271,1435997093533,257.0
6272,1435997093553,257.0
6273,1435997093577,250.0
6274,1435997093664,250.0
6275,1435997093665,247.0
6276,1435997093666,247.0
6277,1435997093667,243.0
6278,1435997093744,243.0
6279,1435997093745,253.0
6280,1435997093758,253.0
6281,1435997093759,251.0
6282,1435997093760,240.0
6283,1435997093773,240.0
6284,1435997093795,236.0
6285,1435997093811,236.0
6286,1435997093830,235.0
6287,1435997093852,235.0
6288,1435997093870,245.0
6289,1435997093894,245.0
6290,1435997093912,254.0
6291,1435997093931,260.0
6292,1435997093952,260.0
6293,1435997093972,253.0
6294,1435997093990,253.0
6295,1435997094013,250.0
6296,1435997094033,250.0
6297,1435997094053,257.0
6298,1435997094074,257.0
6299,1435997094094,258.0
6300,1435997094115,258.0
6301,1435997094135,254.0
6302,1435997094152,259.0
6303,1435997094173,259.0
6304,1435997094192,279.0
6305,1435997094214,279.0
6306,1435997094234,289.0
6307,1435997094253,289.0
6308,1435997094273,286.0
6309,1435997094291,286.0
6310,1435997094313,274.0
6311,1435997094334,274.0
6312,1435997094354,271.0
6313,1435997094375,272.0
6314,1435997094392,272.0
6315,1435997094412,276.0
6316,1435997094468,276.0
6317,1435997094469,283.0
6318,1435997094489,283.0
6319,1435997094492,294.0
6320,1435997094516,294.0
6321,1435997094537,292.0
6322,1435997094558,292.0
6323,1435997094580,286.0
6324,1435997094594,280.0
6325,1435997094613,280.0
6326,1435997094637,279.0
6327,1435997094653,279.0
6328,1435997094685,274.0
6329,1435997094694,274.0
6330,1435997094717,272.0
6331,1435997094735,272.0
6332,1435997094753,272.0
6333,1435997094771,276.0
6334,1435997094793,276.0
6335,1435997094815,269.0
6336,1435997094835,269.0
6337,1435997094854,254.0
6338,1435997094875,254.0
6339,1435997094895,256.0
6340,1435997094914,256.0
6341,1435997094939,264.0
6342,1435997094953,264.0
6343,1435997094972,270.0
6344,1435997094991,280.0
6345,1435997095013,280.0
6346,1435997095035,281.0
6347,1435997095053,281.0
6348,1435997095074,284.0
6349,1435997095094,284.0
6350,1435997095116,281.0
6351,1435997095135,281.0
6352,1435997095153,285.0
6353,1435997095173,285.0
6354,1435997095201,278.0
6355,1435997095279,285.0
6356,1435997095280,285.0
6357,1435997095281,301.0
6358,1435997095282,301.0
6359,1435997095292,317.0
6360,1435997095319,317.0
6361,1435997095332,319.0
6362,1435997095352,319.0
6363,1435997095374,319.0
6364,1435997095394,319.0
6365,1435997095413,320.0
6366,1435997095434,325.0
6367,1435997095454,325.0
6368,1435997095473,312.0
6369,1435997095494,312.0
6370,1435997095516,309.0
6371,1435997095532,309.0
6372,1435997095554,316.0
6373,1435997095581,316.0
6374,1435997095594,318.0
6375,1435997095617,315.0
6376,1435997095635,315.0
6377,1435997095659,304.0
6378,1435997095674,304.0
6379,1435997095692,301.0
6380,1435997095712,301.0
6381,1435997095740,299.0
6382,1435997095752,299.0
6383,1435997095798,295.0
6384,1435997095799,295.0
6385,1435997095835,294.0
6386,1435997095836,289.0
6387,1435997095855,289.0
6388,1435997095873,295.0
6389,1435997095895,295.0
6390,1435997095963,301.0
6391,1435997095964,301.0
6392,1435997095965,308.0
6393,1435997095984,308.0
6394,1435997096000,316.0
6395,1435997096015,316.0
6396,1435997096038,323.0
6397,1435997096054,330.0
6398,1435997096075,330.0
6399,1435997096093,327.0
6400,1435997096115,327.0
6401,1435997096135,326.0
6402,1435997096159,326.0
6403,1435997096179,325.0
6404,1435997096196,325.0
6405,1435997096214,332.0
6406,1435997096233,332.0
6407,1435997096252,342.0
6408,1435997096274,337.0
6409,1435997096296,337.0
6410,1435997096316,356.0
6411,1435997096337,356.0
6412,1435997096356,370.0
6413,1435997096374,370.0
6414,1435997096392,381.0
6415,1435997096416,381.0
6416,1435997096436,371.0
6417,1435997096457,368.0
6418,1435997096476,368.0
6419,1435997096494,370.0
6420,1435997096514,370.0
6421,1435997096536,372.0
6422,1435997096556,372.0
6423,1435997096573,368.0
6424,1435997096595,368.0
6425,1435997096613,371.0
6426,1435997096634,371.0
6427,1435997096662,369.0
6428,1435997096725,361.0
6429,1435997096726,361.0
6430,1435997096727,355.0
6431,1435997096786,355.0
6432,1435997096787,347.0
6433,1435997096788,347.0
6434,1435997096795,350.0
6435,1435997096814,350.0
6436,1435997096834,346.0
6437,1435997096854,346.0
6438,1435997096875,367.0
6439,1435997096905,368.0
6440,1435997097017,368.0
6441,1435997097018,360.0
6442,1435997097019,360.0
6443,1435997097020,358.0
6444,1435997097021,358.0
6445,1435997097022,346.0
6446,1435997097033,346.0
6447,1435997097054,349.0
6448,1435997097074,349.0
6449,1435997097094,353.0
6450,1435997097114,360.0
6451,1435997097134,360.0
6452,1435997097154,373.0
6453,1435997097176,373.0
6454,1435997097198,378.0
6455,1435997097213,378.0
6456,1435997097233,371.0
6457,1435997097252,371.0
6458,1435997097284,376.0
6459,1435997097293,376.0
6460,1435997097313,376.0
6461,1435997097333,380.0
6462,1435997097352,380.0
6463,1435997097372,394.0
6464,1435997097392,394.0
6465,1435997097412,414.0
6466,1435997097433,414.0
6467,1435997097453,415.0
6468,1435997097473,415.0
6469,1435997097493,415.0
6470,1435997097513,401.0
6471,1435997097533,401.0
6472,1435997097553,401.0
6473,1435997097574,401.0
6474,1435997097595,412.0
6475,1435997097616,412.0
6476,1435997097637,413.0
6477,1435997097656,413.0
6478,1435997097674,416.0
6479,1435997097693,416.0
6480,1435997097714,424.0
6481,1435997097735,425.0
6482,1435997097754,425.0
6483,1435997097778,411.0
6484,1435997097798,411.0
6485,1435997097816,411.0
6486,1435997097835,411.0
6487,1435997097854,409.0
6488,1435997097875,409.0
6489,1435997097896,406.0
6490,1435997097917,406.0
6491,1435997097937,410.0
6492,1435997097957,425.0
6493,1435997097976,425.0
6494,1435997097993,424.0
6495,1435997098018,424.0
6496,1435997098038,419.0
6497,1435997098055,419.0
6498,1435997098074,422.0
6499,1435997098096,422.0
6500,1435997098116,429.0
6501,1435997098135,446.0
6502,1435997098155,446.0
6503,1435997098176,451.0
6504,1435997098197,451.0
6505,1435997098219,463.0
6506,1435997098238,463.0
6507,1435997098260,460.0
6508,1435997098278,460.0
6509,1435997098297,449.0
6510,1435997098316,449.0
6511,1435997098335,436.0
6512,1435997098356,435.0
6513,1435997098377,435.0
6514,1435997098397,427.0
6515,1435997098421,427.0
6516,1435997098438,438.0
6517,1435997098461,438.0
6518,1435997098480,445.0
6519,1435997098495,445.0
6520,1435997098515,453.0
6521,1435997098535,453.0
6522,1435997098556,455.0
6523,1435997098576,467.0
6524,1435997098599,467.0
6525,1435997098616,474.0
6526,1435997098641,474.0
6527,1435997098656,476.0
6528,1435997098684,476.0
6529,1435997098758,463.0
6530,1435997098759,463.0
6531,1435997098760,458.0
6532,1435997098761,458.0
6533,1435997098776,463.0
6534,1435997098803,453.0
6535,1435997098817,453.0
6536,1435997098836,446.0
6537,1435997098857,446.0
6538,1435997098876,444.0
6539,1435997098898,444.0
6540,1435997098917,449.0
6541,1435997098937,449.0
6542,1435997098957,465.0
6543,1435997098977,489.0
6544,1435997098998,489.0
6545,1435997099019,498.0
6546,1435997099038,498.0
6547,1435997099058,495.0
6548,1435997099076,495.0
6549,1435997099096,500.0
6550,1435997099117,500.0
6551,1435997099137,512.0
6552,1435997099156,512.0
6553,1435997099176,512.0
6554,1435997099197,494.0
6555,1435997099217,494.0
6556,1435997099237,475.0
6557,1435997099260,475.0
6558,1435997099279,475.0
6559,1435997099302,475.0
6560,1435997099319,469.0
6561,1435997099337,469.0
6562,1435997099356,482.0
6563,1435997099377,482.0
6564,1435997099397,485.0
6565,1435997099417,480.0
6566,1435997099483,480.0
6567,1435997099484,488.0
6568,1435997099485,488.0
6569,1435997099497,510.0
6570,1435997099517,510.0
6571,1435997099538,525.0
6572,1435997099556,525.0
6573,1435997099576,534.0
6574,1435997099613,534.0
6575,1435997099617,521.0
6576,1435997099637,517.0
6577,1435997099656,517.0
6578,1435997099679,511.0
6579,1435997099698,511.0
6580,1435997099719,501.0
6581,1435997099738,501.0
6582,1435997099757,496.0
6583,1435997099777,496.0
6584,1435997099797,498.0
6585,1435997099817,502.0
6586,1435997099837,502.0
6587,1435997099857,505.0
6588,1435997099876,505.0
6589,1435997099897,524.0
6590,1435997099922,524.0
6591,1435997099938,541.0
6592,1435997099958,541.0
6593,1435997099977,552.0
6594,1435997099998,552.0
6595,1435997100018,557.0
6596,1435997100038,562.0
6597,1435997100059,562.0
6598,1435997100080,569.0
6599,1435997100098,569.0
6600,1435997100118,569.0
6601,1435997100137,569.0
6602,1435997100157,545.0
6603,1435997100184,545.0
6604,1435997100241,522.0
6605,1435997100242,522.0
6606,1435997100243,514.0
6607,1435997100266,510.0
6608,1435997100277,510.0
6609,1435997100303,521.0
6610,1435997100318,521.0
6611,1435997100340,533.0
6612,1435997100358,533.0
6613,1435997100377,536.0
6614,1435997100397,536.0
6615,1435997100419,540.0
6616,1435997100439,550.0
6617,1435997100457,550.0
6618,1435997100477,563.0
6619,1435997100498,563.0
6620,1435997100521,569.0
6621,1435997100539,569.0
6622,1435997100558,562.0
6623,1435997100578,562.0
6624,1435997100597,562.0
6625,1435997100617,562.0
6626,1435997100641,554.0
6627,1435997100658,534.0
6628,1435997100677,534.0
6629,1435997100699,531.0
6630,1435997100718,531.0
6631,1435997100739,527.0
6632,1435997100761,527.0
6633,1435997100780,528.0
6634,1435997100797,528.0
6635,1435997100817,546.0
6636,1435997100838,546.0
6637,1435997100858,558.0
6638,1435997100878,573.0
6639,1435997100897,573.0
6640,1435997100968,581.0
6641,1435997100969,581.0
6642,1435997100970,583.0
6643,1435997100988,583.0
6644,1435997100997,590.0
6645,1435997101020,590.0
6646,1435997101037,598.0
6647,1435997101058,598.0
6648,1435997101084,594.0
6649,1435997101098,574.0
6650,1435997101120,574.0
6651,1435997101140,561.0
6652,1435997101158,561.0
6653,1435997101178,574.0
6654,1435997101198,574.0
6655,1435997101218,690.0
6656,1435997101240,690.0
6657,1435997101260,852.0
6658,1435997101278,852.0
6659,1435997101300,928.0
6660,1435997101319,954.0
6661,1435997101339,954.0
6662,1435997101360,955.0
6663,1435997101380,955.0
6664,1435997101398,943.0
6665,1435997101417,943.0
6666,1435997101440,963.0
6667,1435997101460,963.0
6668,1435997101478,1023.0
6669,1435997101500,1001.0
6670,1435997101520,1001.0
6671,1435997101541,820.0
6672,1435997101560,820.0
6673,1435997101579,708.0
6674,1435997101598,708.0
6675,1435997101741,567.0
6676,1435997101742,567.0
6677,1435997101743,546.0
6678,1435997101744,546.0
6679,1435997101745,560.0
6680,1435997101746,564.0
6681,1435997101747,564.0
6682,1435997101786,573.0
6683,1435997101787,573.0
6684,1435997101860,577.0
6685,1435997101861,577.0
6686,1435997101862,567.0
6687,1435997101893,567.0
6688,1435997101894,567.0
6689,1435997101900,567.0
6690,1435997101920,622.0
6691,1435997101948,702.0
6692,1435997101958,702.0
6693,1435997101978,829.0
6694,1435997101998,829.0
6695,1435997102018,1075.0
6696,1435997102039,1075.0
6697,1435997102059,1093.0
6698,1435997102080,1093.0
6699,1435997102101,1011.0
6700,1435997102122,1011.0
6701,1435997102142,1024.0
6702,1435997102169,1049.0
6703,1435997102179,1049.0
6704,1435997102198,990.0
6705,1435997102220,990.0
6706,1435997102239,984.0
6707,1435997102258,984.0
6708,1435997102278,1023.0
6709,1435997102302,1023.0
6710,1435997102320,1069.0
6711,1435997102373,1096.0
6712,1435997102374,1096.0
6713,1435997102378,1106.0
6714,1435997102398,1106.0
6715,1435997102418,1128.0
6716,1435997102438,1128.0
6717,1435997102458,1154.0
6718,1435997102481,1154.0
6719,1435997102498,1219.0
6720,1435997102518,1219.0
6721,1435997102538,1249.0
6722,1435997102560,1044.0
6723,1435997102578,1044.0
6724,1435997102598,870.0
6725,1435997102618,870.0
6726,1435997102638,805.0
6727,1435997102658,805.0
6728,1435997102678,761.0
6729,1435997102698,761.0
6730,1435997102718,654.0
6731,1435997102738,654.0
6732,1435997102758,596.0
6733,1435997102778,593.0
6734,1435997102798,593.0
6735,1435997102818,573.0
6736,1435997102838,573.0
6737,1435997102858,569.0
6738,1435997102878,569.0
6739,1435997102898,585.0
6740,1435997102918,585.0
6741,1435997102943,625.0
6742,1435997102962,625.0
6743,1435997102982,714.0
6744,1435997103002,740.0
6745,1435997103023,740.0
6746,1435997103041,860.0
6747,1435997103078,860.0
6748,1435997103079,865.0
6749,1435997103099,865.0
6750,1435997103121,763.0
6751,1435997103142,763.0
6752,1435997103160,672.0
6753,1435997103180,651.0
6754,1435997103201,651.0
6755,1435997103223,679.0
6756,1435997103242,679.0
6757,1435997103291,716.0
6758,1435997103292,716.0
6759,1435997103303,741.0
6760,1435997103323,741.0
6761,1435997103342,790.0
6762,1435997103360,790.0
6763,1435997103380,822.0
6764,1435997103402,841.0
6765,1435997103419,841.0
6766,1435997103442,863.0
6767,1435997103463,863.0
6768,1435997103483,848.0
6769,1435997103503,848.0
6770,1435997103525,886.0
6771,1435997103540,886.0
6772,1435997103563,938.0
6773,1435997103584,938.0
6774,1435997103607,839.0
6775,1435997103630,756.0
6776,1435997103642,756.0
6777,1435997103660,685.0
6778,1435997103695,685.0
6779,1435997103703,660.0
6780,1435997103769,660.0
6781,1435997103770,574.0
6782,1435997103771,574.0
6783,1435997103782,545.0
6784,1435997103803,545.0
6785,1435997103821,545.0
6786,1435997103840,545.0
6787,1435997103860,545.0
6788,1435997103880,534.0
6789,1435997103903,534.0
6790,1435997103928,517.0
6791,1435997103941,517.0
6792,1435997103962,543.0
6793,1435997103981,543.0
6794,1435997104000,595.0
6795,1435997104023,575.0
6796,1435997104043,575.0
6797,1435997104063,658.0
6798,1435997104083,658.0
6799,1435997104103,680.0
6800,1435997104125,680.0
6801,1435997104145,609.0
6802,1435997104162,609.0
6803,1435997104182,579.0
6804,1435997104201,579.0
6805,1435997104224,597.0
6806,1435997104243,594.0
6807,1435997104263,594.0
6808,1435997104282,602.0
6809,1435997104301,602.0
6810,1435997104323,619.0
6811,1435997104344,619.0
6812,1435997104364,657.0
6813,1435997104384,657.0
6814,1435997104403,683.0
6815,1435997104476,683.0
6816,1435997104477,716.0
6817,1435997104478,731.0
6818,1435997104485,731.0
6819,1435997104501,759.0
6820,1435997104530,759.0
6821,1435997104541,809.0
6822,1435997104571,809.0
6823,1435997104581,874.0
6824,1435997104601,874.0
6825,1435997104625,932.0
6826,1435997104643,932.0
6827,1435997104661,763.0
6828,1435997104686,623.0
6829,1435997104719,623.0
6830,1435997104720,594.0
6831,1435997104743,594.0
6832,1435997104764,544.0
6833,1435997104784,544.0
6834,1435997104804,529.0
6835,1435997104824,529.0
6836,1435997104845,559.0
6837,1435997104864,584.0
6838,1435997104883,584.0
6839,1435997104903,581.0
6840,1435997104923,581.0
6841,1435997104942,570.0
6842,1435997104962,570.0
6843,1435997104983,555.0
6844,1435997105004,555.0
6845,1435997105025,546.0
6846,1435997105044,546.0
6847,1435997105064,547.0
6848,1435997105085,551.0
6849,1435997105104,551.0
6850,1435997105123,567.0
6851,1435997105142,567.0
6852,1435997105165,570.0
6853,1435997105185,570.0
6854,1435997105203,573.0
6855,1435997105224,573.0
6856,1435997105297,590.0
6857,1435997105298,590.0
6858,1435997105302,602.0
6859,1435997105303,631.0
6860,1435997105324,631.0
6861,1435997105347,706.0
6862,1435997105362,706.0
6863,1435997105383,783.0
6864,1435997105404,783.0
6865,1435997105423,837.0
6866,1435997105443,837.0
6867,1435997105463,829.0
6868,1435997105486,829.0
6869,1435997105505,854.0
6870,1435997105529,910.0
6871,1435997105544,910.0
6872,1435997105571,928.0
6873,1435997105586,928.0
6874,1435997105604,944.0
6875,1435997105625,944.0
6876,1435997105648,1048.0
6877,1435997105705,1048.0
6878,1435997105706,1020.0
6879,1435997105707,949.0
6880,1435997105723,949.0
6881,1435997105742,876.0
6882,1435997105762,876.0
6883,1435997105782,866.0
6884,1435997105802,866.0
6885,1435997105843,838.0
6886,1435997105844,838.0
6887,1435997105862,765.0
6888,1435997105882,765.0
6889,1435997105905,792.0
6890,1435997105924,785.0
6891,1435997105951,785.0
6892,1435997106011,808.0
6893,1435997106012,808.0
6894,1435997106013,881.0
6895,1435997106030,881.0
6896,1435997106042,935.0
6897,1435997106075,935.0
6898,1435997106083,1028.0
6899,1435997106103,1028.0
6900,1435997106124,1126.0
6901,1435997106142,1153.0
6902,1435997106168,1153.0
6903,1435997106189,1312.0
6904,1435997106205,1312.0
6905,1435997106223,1327.0
6906,1435997106245,1327.0
6907,1435997106265,1276.0
6908,1435997106285,1276.0
6909,1435997106306,1296.0
6910,1435997106325,1296.0
6911,1435997106344,1330.0
6912,1435997106362,1389.0
6913,1435997106384,1389.0
6914,1435997106407,1426.0
6915,1435997106422,1426.0
6916,1435997106446,1485.0
6917,1435997106464,1485.0
6918,1435997106482,1581.0
6919,1435997106502,1581.0
6920,1435997106524,1506.0
6921,1435997106546,1396.0
6922,1435997106566,1396.0
6923,1435997106586,1362.0
6924,1435997106603,1362.0
6925,1435997106626,1386.0
6926,1435997106652,1386.0
6927,1435997106666,1527.0
6928,1435997106686,1527.0
6929,1435997106703,1627.0
6930,1435997106725,1627.0
6931,1435997106745,1492.0
6932,1435997106764,1378.0
6933,1435997106783,1378.0
6934,1435997106803,1311.0
6935,1435997106825,1311.0
6936,1435997106844,1324.0
6937,1435997106863,1324.0
6938,1435997106883,1241.0
6939,1435997106903,1241.0
6940,1435997106938,1171.0
6941,1435997106943,1171.0
6942,1435997106965,1170.0
6943,1435997106985,1092.0
6944,1435997107003,1092.0
6945,1435997107024,1114.0
6946,1435997107047,1114.0
6947,1435997107063,1222.0
6948,1435997107084,1222.0
6949,1435997107103,1275.0
6950,1435997107124,1275.0
6951,1435997107143,1345.0
6952,1435997107164,1345.0
6953,1435997107183,1332.0
6954,1435997107202,1350.0
6955,1435997107222,1350.0
6956,1435997107242,1341.0
6957,1435997107262,1341.0
6958,1435997107286,1322.0
6959,1435997107302,1322.0
6960,1435997107322,1323.0
6961,1435997107342,1323.0
6962,1435997107363,1324.0
6963,1435997107383,1332.0
6964,1435997107402,1332.0
6965,1435997107422,1364.0
6966,1435997107442,1364.0
6967,1435997107463,1366.0
6968,1435997107482,1366.0
6969,1435997107502,1393.0
6970,1435997107522,1393.0
6971,1435997107542,1377.0
6972,1435997107562,1377.0
6973,1435997107582,1301.0
6974,1435997107602,1296.0
6975,1435997107624,1296.0
6976,1435997107642,1313.0
6977,1435997107662,1313.0
6978,1435997107684,1410.0
6979,1435997107705,1410.0
6980,1435997107726,1577.0
6981,1435997107745,1577.0
6982,1435997107767,1587.0
6983,1435997107787,1587.0
6984,1435997107807,1454.0
6985,1435997107826,1341.0
6986,1435997107845,1341.0
6987,1435997107864,1208.0
6988,1435997107885,1208.0
6989,1435997107907,1178.0
6990,1435997107927,1178.0
6991,1435997107947,1020.0
6992,1435997107964,1020.0
6993,1435997107984,921.0
6994,1435997108010,921.0
6995,1435997108028,852.0
6996,1435997108045,611.0
6997,1435997108063,611.0
6998,1435997108084,441.0
6999,1435997108105,441.0
7000,1435997108123,443.0
7001,1435997108144,443.0
7002,1435997108165,450.0
7003,1435997108188,450.0
7004,1435997108205,456.0
7005,1435997108226,460.0
7006,1435997108246,460.0
7007,1435997108265,462.0
7008,1435997108284,462.0
7009,1435997108305,461.0
7010,1435997108325,461.0
7011,1435997108348,460.0
7012,1435997108365,460.0
7013,1435997108388,463.0
7014,1435997108408,463.0
7015,1435997108430,464.0
7016,1435997108449,469.0
7017,1435997108468,469.0
7018,1435997108486,481.0
7019,1435997108505,481.0
7020,1435997108526,499.0
7021,1435997108549,499.0
7022,1435997108567,504.0
7023,1435997108587,504.0
7024,1435997108605,508.0
7025,1435997108636,508.0
7026,1435997108687,515.0
7027,1435997108688,518.0
7028,1435997108689,518.0
7029,1435997108711,516.0
7030,1435997108725,516.0
7031,1435997108747,519.0
7032,1435997108765,519.0
7033,1435997108785,520.0
7034,1435997108808,520.0
7035,1435997108827,504.0
7036,1435997108846,504.0
7037,1435997108865,496.0
7038,1435997108886,497.0
7039,1435997108906,497.0
7040,1435997108926,502.0
7041,1435997108948,502.0
7042,1435997108969,505.0
7043,1435997108988,505.0
7044,1435997109008,509.0
7045,1435997109027,509.0
7046,1435997109047,510.0
7047,1435997109065,514.0
7048,1435997109086,514.0
7049,1435997109106,521.0
7050,1435997109126,521.0
7051,1435997109146,534.0
7052,1435997109166,534.0
7053,1435997109185,534.0
7054,1435997109210,534.0
7055,1435997109230,535.0
7056,1435997109247,535.0
7057,1435997109267,537.0
7058,1435997109285,533.0
7059,1435997109307,533.0
7060,1435997109328,535.0
7061,1435997109347,535.0
7062,1435997109369,538.0
7063,1435997109415,538.0
7064,1435997109416,525.0
7065,1435997109436,525.0
7066,1435997109446,521.0
7067,1435997109466,521.0
7068,1435997109489,517.0
7069,1435997109506,513.0
7070,1435997109526,513.0
7071,1435997109548,510.0
7072,1435997109566,510.0
7073,1435997109592,506.0
7074,1435997109611,506.0
7075,1435997109626,505.0
7076,1435997109646,505.0
7077,1435997109667,514.0
7078,1435997109688,514.0
7079,1435997109708,508.0
7080,1435997109727,506.0
7081,1435997109749,506.0
7082,1435997109768,506.0
7083,1435997109790,506.0
7084,1435997109808,514.0
7085,1435997109828,514.0
7086,1435997109846,528.0
7087,1435997109866,528.0
7088,1435997109887,535.0
7089,1435997109907,528.0
7090,1435997109927,528.0
7091,1435997109948,523.0
7092,1435997109968,523.0
7093,1435997109989,530.0
7094,1435997110010,530.0
7095,1435997110028,531.0
7096,1435997110047,531.0
7097,1435997110067,533.0
7098,1435997110086,533.0
7099,1435997110106,518.0
7100,1435997110127,512.0
7101,1435997110171,512.0
7102,1435997110172,509.0
7103,1435997110196,509.0
7104,1435997110206,505.0
7105,1435997110226,505.0
7106,1435997110246,514.0
7107,1435997110268,514.0
7108,1435997110288,551.0
7109,1435997110308,551.0
7110,1435997110326,566.0
7111,1435997110347,567.0
7112,1435997110367,567.0
7113,1435997110388,558.0
7114,1435997110408,558.0
7115,1435997110427,553.0
7116,1435997110449,553.0
7117,1435997110468,549.0
7118,1435997110487,549.0
7119,1435997110507,551.0
7120,1435997110526,551.0
7121,1435997110547,558.0
7122,1435997110568,573.0
7123,1435997110589,573.0
7124,1435997110608,557.0
7125,1435997110627,557.0
7126,1435997110648,519.0
7127,1435997110666,519.0
7128,1435997110687,515.0
7129,1435997110711,515.0
7130,1435997110731,514.0
7131,1435997110748,515.0
7132,1435997110768,515.0
7133,1435997110787,532.0
7134,1435997110807,532.0
7135,1435997110828,555.0
7136,1435997110848,555.0
7137,1435997110916,572.0
7138,1435997110917,572.0
7139,1435997110918,569.0
7140,1435997110937,569.0
7141,1435997110947,572.0
7142,1435997110975,576.0
7143,1435997110989,576.0
7144,1435997111007,574.0
7145,1435997111030,574.0
7146,1435997111049,577.0
7147,1435997111068,577.0
7148,1435997111089,560.0
7149,1435997111108,560.0
7150,1435997111128,523.0
7151,1435997111148,523.0
7152,1435997111168,526.0
7153,1435997111189,530.0
7154,1435997111208,530.0
7155,1435997111228,538.0
7156,1435997111247,538.0
7157,1435997111268,550.0
7158,1435997111289,550.0
7159,1435997111309,569.0
7160,1435997111328,569.0
7161,1435997111349,565.0
7162,1435997111367,565.0
7163,1435997111387,576.0
7164,1435997111408,567.0
7165,1435997111428,567.0
7166,1435997111448,556.0
7167,1435997111467,556.0
7168,1435997111488,553.0
7169,1435997111508,553.0
7170,1435997111528,549.0
7171,1435997111548,549.0
7172,1435997111570,546.0
7173,1435997111636,555.0
7174,1435997111637,555.0
7175,1435997111638,559.0
7176,1435997111657,559.0
7177,1435997111668,559.0
7178,1435997111695,559.0
7179,1435997111709,557.0
7180,1435997111728,557.0
7181,1435997111750,559.0
7182,1435997111769,559.0
7183,1435997111788,559.0
7184,1435997111808,560.0
7185,1435997111828,560.0
7186,1435997111848,572.0
7187,1435997111869,572.0
7188,1435997111889,578.0
7189,1435997111910,578.0
7190,1435997111928,574.0
7191,1435997111948,574.0
7192,1435997111969,576.0
7193,1435997111990,576.0
7194,1435997112010,585.0
7195,1435997112030,584.0
7196,1435997112050,584.0
7197,1435997112070,600.0
7198,1435997112088,600.0
7199,1435997112109,598.0
7200,1435997112130,598.0
7201,1435997112149,595.0
7202,1435997112215,595.0
7203,1435997112216,601.0
7204,1435997112217,601.0
7205,1435997112229,601.0
7206,1435997112248,612.0
7207,1435997112268,612.0
7208,1435997112299,608.0
7209,1435997112329,608.0
7210,1435997112330,610.0
7211,1435997112354,610.0
7212,1435997112369,616.0
7213,1435997112388,616.0
7214,1435997112409,624.0
7215,1435997112430,626.0
7216,1435997112449,626.0
7217,1435997112479,629.0
7218,1435997112500,629.0
7219,1435997112508,624.0
7220,1435997112529,624.0
7221,1435997112549,621.0
7222,1435997112570,621.0
7223,1435997112589,610.0
7224,1435997112609,610.0
7225,1435997112629,611.0
7226,1435997112649,625.0
7227,1435997112669,625.0
7228,1435997112693,638.0
7229,1435997112707,638.0
7230,1435997112729,655.0
7231,1435997112748,655.0
7232,1435997112768,660.0
7233,1435997112790,660.0
7234,1435997112812,631.0
7235,1435997112830,631.0
7236,1435997112850,608.0
7237,1435997112870,607.0
7238,1435997112888,607.0
7239,1435997112909,616.0
7240,1435997112932,616.0
7241,1435997112952,620.0
7242,1435997112972,620.0
7243,1435997112989,625.0
7244,1435997113008,625.0
7245,1435997113028,617.0
7246,1435997113048,617.0
7247,1435997113070,622.0
7248,1435997113092,642.0
7249,1435997113111,642.0
7250,1435997113129,669.0
7251,1435997113148,669.0
7252,1435997113173,671.0
7253,1435997113195,671.0
7254,1435997113211,658.0
7255,1435997113235,658.0
7256,1435997113251,657.0
7257,1435997113293,649.0
7258,1435997113294,649.0
7259,1435997113313,645.0
7260,1435997113333,645.0
7261,1435997113353,644.0
7262,1435997113370,644.0
7263,1435997113392,640.0
7264,1435997113411,640.0
7265,1435997113429,637.0
7266,1435997113449,637.0
7267,1435997113469,638.0
7268,1435997113493,647.0
7269,1435997113513,647.0
7270,1435997113533,670.0
7271,1435997113553,670.0
7272,1435997113573,687.0
7273,1435997113590,687.0
7274,1435997113609,692.0
7275,1435997113629,692.0
7276,1435997113778,695.0
7277,1435997113779,695.0
7278,1435997113780,691.0
7279,1435997113790,679.0
7280,1435997113793,679.0
7281,1435997113794,660.0
7282,1435997113795,660.0
7283,1435997113796,662.0
7284,1435997113815,662.0
7285,1435997113835,663.0
7286,1435997113850,663.0
7287,1435997113870,644.0
7288,1435997113906,644.0
7289,1435997113910,638.0
7290,1435997113930,650.0
7291,1435997113951,650.0
7292,1435997113973,654.0
7293,1435997113993,654.0
7294,1435997114014,660.0
7295,1435997114032,660.0
7296,1435997114051,656.0
7297,1435997114070,656.0
7298,1435997114092,655.0
7299,1435997114113,662.0
7300,1435997114133,662.0
7301,1435997114154,680.0
7302,1435997114173,680.0
7303,1435997114193,684.0
7304,1435997114210,684.0
7305,1435997114230,688.0
7306,1435997114251,688.0
7307,1435997114277,684.0
7308,1435997114297,684.0
7309,1435997114317,669.0
7310,1435997114334,670.0
7311,1435997114352,670.0
7312,1435997114370,673.0
7313,1435997114390,673.0
7314,1435997114411,685.0
7315,1435997114434,685.0
7316,1435997114478,674.0
7317,1435997114479,674.0
7318,1435997114501,676.0
7319,1435997114510,676.0
7320,1435997114530,677.0
7321,1435997114552,686.0
7322,1435997114583,686.0
7323,1435997114592,691.0
7324,1435997114610,691.0
7325,1435997114632,702.0
7326,1435997114661,702.0
7327,1435997114691,714.0
7328,1435997114692,714.0
7329,1435997114718,719.0
7330,1435997114741,719.0
7331,1435997114761,716.0
7332,1435997114776,717.0
7333,1435997114792,717.0
7334,1435997114813,729.0
7335,1435997114832,729.0
7336,1435997114886,735.0
7337,1435997114887,735.0
7338,1435997114891,719.0
7339,1435997114911,719.0
7340,1435997114931,706.0
7341,1435997114952,706.0
7342,1435997114976,706.0
7343,1435997114991,698.0
7344,1435997115011,698.0
7345,1435997115034,706.0
7346,1435997115054,706.0
7347,1435997115077,721.0
7348,1435997115094,721.0
7349,1435997115113,710.0
7350,1435997115133,710.0
7351,1435997115153,710.0
7352,1435997115176,727.0
7353,1435997115195,727.0
7354,1435997115264,741.0
7355,1435997115267,741.0
7356,1435997115268,744.0
7357,1435997115294,744.0
7358,1435997115295,738.0
7359,1435997115313,738.0
7360,1435997115336,729.0
7361,1435997115351,729.0
7362,1435997115371,730.0
7363,1435997115393,736.0
7364,1435997115413,736.0
7365,1435997115433,735.0
7366,1435997115453,735.0
7367,1435997115473,715.0
7368,1435997115493,715.0
7369,1435997115511,724.0
7370,1435997115533,724.0
7371,1435997115555,731.0
7372,1435997115575,731.0
7373,1435997115595,739.0
7374,1435997115615,759.0
7375,1435997115635,759.0
7376,1435997115653,776.0
7377,1435997115673,776.0
7378,1435997115692,780.0
7379,1435997115713,780.0
7380,1435997115733,771.0
7381,1435997115753,771.0
7382,1435997115774,760.0
7383,1435997115794,771.0
7384,1435997115815,771.0
7385,1435997115835,795.0
7386,1435997115854,795.0
7387,1435997115876,784.0
7388,1435997115895,784.0
7389,1435997115914,764.0
7390,1435997115941,764.0
7391,1435997116013,759.0
7392,1435997116019,759.0
7393,1435997116020,755.0
7394,1435997116021,761.0
7395,1435997116034,761.0
7396,1435997116053,769.0
7397,1435997116073,769.0
7398,1435997116092,772.0
7399,1435997116114,772.0
7400,1435997116133,775.0
7401,1435997116153,775.0
7402,1435997116174,786.0
7403,1435997116200,786.0
7404,1435997116216,791.0
7405,1435997116235,793.0
7406,1435997116255,793.0
7407,1435997116274,782.0
7408,1435997116292,782.0
7409,1435997116313,780.0
7410,1435997116334,780.0
7411,1435997116356,777.0
7412,1435997116376,777.0
7413,1435997116393,783.0
7414,1435997116416,783.0
7415,1435997116434,791.0
7416,1435997116454,778.0
7417,1435997116473,778.0
7418,1435997116494,783.0
7419,1435997116515,783.0
7420,1435997116535,782.0
7421,1435997116556,782.0
7422,1435997116576,788.0
7423,1435997116596,788.0
7424,1435997116623,791.0
7425,1435997116634,788.0
7426,1435997116716,788.0
7427,1435997116717,799.0
7428,1435997116719,799.0
7429,1435997116720,804.0
7430,1435997116737,804.0
7431,1435997116753,807.0
7432,1435997116783,807.0
7433,1435997116795,819.0
7434,1435997116813,819.0
7435,1435997116834,826.0
7436,1435997116853,829.0
7437,1435997116873,829.0
7438,1435997116894,831.0
7439,1435997116915,831.0
7440,1435997116935,828.0
7441,1435997116957,828.0
7442,1435997116977,833.0
7443,1435997116996,833.0
7444,1435997117014,826.0
7445,1435997117033,826.0
7446,1435997117053,812.0
7447,1435997117075,814.0
7448,1435997117097,814.0
7449,1435997117118,819.0
7450,1435997117133,819.0
7451,1435997117157,820.0
7452,1435997117176,820.0
7453,1435997117195,819.0
7454,1435997117213,819.0
7455,1435997117234,822.0
7456,1435997117254,822.0
7457,1435997117274,825.0
7458,1435997117293,819.0
7459,1435997117313,819.0
7460,1435997117333,812.0
7461,1435997117354,812.0
7462,1435997117374,809.0
7463,1435997117397,809.0
7464,1435997117464,807.0
7465,1435997117465,807.0
7466,1435997117466,806.0
7467,1435997117474,808.0
7468,1435997117494,808.0
7469,1435997117517,804.0
7470,1435997117534,804.0
7471,1435997117559,789.0
7472,1435997117576,789.0
7473,1435997117595,787.0
7474,1435997117614,787.0
7475,1435997117637,799.0
7476,1435997117658,799.0
7477,1435997117676,801.0
7478,1435997117695,797.0
7479,1435997117714,797.0
7480,1435997117733,806.0
7481,1435997117755,806.0
7482,1435997117775,825.0
7483,1435997117796,825.0
7484,1435997117816,838.0
7485,1435997117836,838.0
7486,1435997117856,841.0
7487,1435997117881,841.0
7488,1435997117896,972.0
7489,1435997117919,1343.0
7490,1435997117936,1343.0
7491,1435997117954,1753.0
7492,1435997117974,1753.0
7493,1435997117994,1975.0
7494,1435997118014,1975.0
7495,1435997118034,1876.0
7496,1435997118053,1876.0
7497,1435997118075,1722.0
7498,1435997118102,1722.0
7499,1435997118114,1694.0
7500,1435997118134,1702.0
7501,1435997118169,1702.0
7502,1435997118198,1759.0
7503,1435997118201,1759.0
7504,1435997118216,1786.0
7505,1435997118234,1786.0
7506,1435997118254,1798.0
7507,1435997118275,1798.0
7508,1435997118296,1756.0
7509,1435997118314,1683.0
7510,1435997118335,1683.0
7511,1435997118359,1601.0
7512,1435997118375,1601.0
7513,1435997118394,1561.0
7514,1435997118417,1561.0
7515,1435997118437,1481.0
7516,1435997118456,1481.0
7517,1435997118477,1413.0
7518,1435997118497,1413.0
7519,1435997118517,1321.0
7520,1435997118536,1174.0
7521,1435997118555,1174.0
7522,1435997118575,1209.0
7523,1435997118595,1209.0
7524,1435997118617,1191.0
7525,1435997118641,1191.0
7526,1435997118654,1145.0
7527,1435997118676,1145.0
7528,1435997118700,1112.0
7529,1435997118717,1112.0
7530,1435997118736,1073.0
7531,1435997118755,1096.0
7532,1435997118776,1096.0
7533,1435997118795,1160.0
7534,1435997118817,1160.0
7535,1435997118835,1243.0
7536,1435997118855,1243.0
7537,1435997118876,1327.0
7538,1435997118908,1327.0
7539,1435997118978,1343.0
7540,1435997118979,1343.0
7541,1435997118980,1364.0
7542,1435997118981,1383.0
7543,1435997118995,1383.0
7544,1435997119025,1285.0
7545,1435997119035,1285.0
7546,1435997119057,1200.0
7547,1435997119077,1200.0
7548,1435997119096,1185.0
7549,1435997119116,1185.0
7550,1435997119136,1153.0
7551,1435997119157,1172.0
7552,1435997119176,1172.0
7553,1435997119196,1280.0
7554,1435997119218,1280.0
7555,1435997119239,1357.0
7556,1435997119258,1357.0
7557,1435997119278,1401.0
7558,1435997119297,1401.0
7559,1435997119317,1439.0
7560,1435997119336,1439.0
7561,1435997119356,1464.0
7562,1435997119376,1492.0
7563,1435997119397,1492.0
7564,1435997119416,1479.0
7565,1435997119436,1479.0
7566,1435997119456,1575.0
7567,1435997119480,1575.0
7568,1435997119501,1436.0
7569,1435997119521,1436.0
7570,1435997119539,1345.0
7571,1435997119557,1345.0
7572,1435997119576,1279.0
7573,1435997119598,1138.0
7574,1435997119616,1138.0
7575,1435997119725,1129.0
7576,1435997119726,1129.0
7577,1435997119727,982.0
7578,1435997119728,982.0
7579,1435997119729,909.0
7580,1435997119741,909.0
7581,1435997119757,850.0
7582,1435997119779,836.0
7583,1435997119796,836.0
7584,1435997119816,887.0
7585,1435997119836,887.0
7586,1435997119856,908.0
7587,1435997119876,908.0
7588,1435997119897,912.0
7589,1435997119917,912.0
7590,1435997119938,944.0
7591,1435997119959,944.0
7592,1435997119978,1032.0
7593,1435997119998,1019.0
7594,1435997120016,1019.0
7595,1435997120036,990.0
7596,1435997120057,990.0
7597,1435997120076,1069.0
7598,1435997120098,1069.0
7599,1435997120120,1195.0
7600,1435997120137,1195.0
7601,1435997120159,1292.0
7602,1435997120180,1292.0
7603,1435997120199,1341.0
7604,1435997120219,1416.0
7605,1435997120238,1416.0
7606,1435997120257,1594.0
7607,1435997120276,1594.0
7608,1435997120296,1637.0
7609,1435997120317,1637.0
7610,1435997120340,1593.0
7611,1435997120360,1593.0
7612,1435997120378,1574.0
7613,1435997120446,1574.0
7614,1435997120447,1599.0
7615,1435997120448,1624.0
7616,1435997120469,1624.0
7617,1435997120478,1645.0
7618,1435997120497,1645.0
7619,1435997120520,1661.0
7620,1435997120536,1661.0
7621,1435997120557,1730.0
7622,1435997120577,1730.0
7623,1435997120596,1713.0
7624,1435997120617,1641.0
7625,1435997120639,1641.0
7626,1435997120659,1551.0
7627,1435997120677,1551.0
7628,1435997120697,1467.0
7629,1435997120716,1467.0
7630,1435997120736,1424.0
7631,1435997120757,1424.0
7632,1435997120777,1360.0
7633,1435997120798,1360.0
7634,1435997120818,1294.0
7635,1435997120838,1223.0
7636,1435997120861,1223.0
7637,1435997120878,1274.0
7638,1435997120897,1274.0
7639,1435997120918,1347.0
7640,1435997120939,1347.0
7641,1435997120959,1430.0
7642,1435997120977,1430.0
7643,1435997120997,1552.0
7644,1435997121017,1552.0
7645,1435997121037,1726.0
7646,1435997121057,1794.0
7647,1435997121079,1794.0
7648,1435997121099,1823.0
7649,1435997121119,1823.0
7650,1435997121246,1930.0
7651,1435997121247,1930.0
7652,1435997121248,1805.0
7653,1435997121249,1805.0
7654,1435997121250,1761.0
7655,1435997121251,1761.0
7656,1435997121262,1870.0
7657,1435997121284,1922.0
7658,1435997121301,1922.0
7659,1435997121326,1882.0
7660,1435997121337,1882.0
7661,1435997121357,1849.0
7662,1435997121377,1849.0
7663,1435997121398,1864.0
7664,1435997121420,1864.0
7665,1435997121441,1907.0
7666,1435997121459,1924.0
7667,1435997121477,1924.0
7668,1435997121498,1870.0
7669,1435997121517,1870.0
7670,1435997121537,1843.0
7671,1435997121557,1843.0
7672,1435997121577,1873.0
7673,1435997121597,1873.0
7674,1435997121618,1858.0
7675,1435997121637,1858.0
7676,1435997121658,1864.0
7677,1435997121682,1914.0
7678,1435997121697,1914.0
7679,1435997121718,1972.0
7680,1435997121741,1972.0
7681,1435997121758,1923.0
7682,1435997121777,1923.0
7683,1435997121796,1761.0
7684,1435997121819,1761.0
7685,1435997121839,1624.0
7686,1435997121861,1624.0
7687,1435997121877,1481.0
7688,1435997121898,1499.0
7689,1435997121919,1499.0
7690,1435997121938,1386.0
7691,1435997121966,1386.0
7692,1435997121984,1314.0
7693,1435997121998,1314.0
7694,1435997122017,1315.0
7695,1435997122038,1315.0
7696,1435997122058,1294.0
7697,1435997122078,1294.0
7698,1435997122099,1348.0
7699,1435997122120,1474.0
7700,1435997122138,1474.0
7701,1435997122157,1677.0
7702,1435997122177,1677.0
7703,1435997122198,1859.0
7704,1435997122228,1859.0
7705,1435997122270,2010.0
7706,1435997122271,2010.0
7707,1435997122278,2078.0
7708,1435997122298,2069.0
7709,1435997122318,2069.0
7710,1435997122338,2104.0
7711,1435997122362,2104.0
7712,1435997122380,2166.0
7713,1435997122401,2166.0
7714,1435997122418,2162.0
7715,1435997122438,2162.0
7716,1435997122458,1929.0
7717,1435997122478,1929.0
7718,1435997122501,1782.0
7719,1435997122521,1764.0
7720,1435997122543,1764.0
7721,1435997122560,1732.0
7722,1435997122578,1732.0
7723,1435997122604,1788.0
7724,1435997122625,1788.0
7725,1435997122641,1809.0
7726,1435997122658,1809.0
7727,1435997122680,1833.0
7728,1435997122697,1833.0
7729,1435997122717,1833.0
7730,1435997122737,1798.0
7731,1435997122759,1798.0
7732,1435997122777,1752.0
7733,1435997122798,1752.0
7734,1435997122818,1712.0
7735,1435997122839,1712.0
7736,1435997122862,1740.0
7737,1435997122880,1740.0
7738,1435997122902,1768.0
7739,1435997122920,1768.0
7740,1435997122942,1772.0
7741,1435997122958,1706.0
7742,1435997122978,1706.0
7743,1435997123000,1476.0
7744,1435997123022,1476.0
7745,1435997123040,1558.0
7746,1435997123062,1558.0
7747,1435997123080,1604.0
7748,1435997123099,1604.0
7749,1435997123120,1574.0
7750,1435997123142,1561.0
7751,1435997123162,1561.0
7752,1435997123180,1559.0
7753,1435997123199,1559.0
7754,1435997123226,1614.0
7755,1435997123246,1614.0
7756,1435997123263,1775.0
7757,1435997123348,1775.0
7758,1435997123349,2019.0
7759,1435997123350,2019.0
7760,1435997123351,2212.0
7761,1435997123370,2283.0
7762,1435997123379,2283.0
7763,1435997123399,2307.0
7764,1435997123419,2307.0
7765,1435997123439,2316.0
7766,1435997123461,2316.0
7767,1435997123479,2109.0
7768,1435997123502,2109.0
7769,1435997123523,2005.0
7770,1435997123540,2005.0
7771,1435997123559,1994.0
7772,1435997123580,1988.0
7773,1435997123601,1988.0
7774,1435997123623,2054.0
7775,1435997123639,2054.0
7776,1435997123659,2096.0
7777,1435997123680,2096.0
7778,1435997123703,2057.0
7779,1435997123724,2057.0
7780,1435997123741,1935.0
7781,1435997123842,1935.0
7782,1435997123843,1772.0
7783,1435997123844,1661.0
7784,1435997123845,1661.0
7785,1435997123846,1663.0
7786,1435997123859,1663.0
7787,1435997123882,1770.0
7788,1435997123902,1770.0
7789,1435997123923,1837.0
7790,1435997123942,1837.0
7791,1435997123959,1888.0
7792,1435997123981,1766.0
7793,1435997124000,1766.0
7794,1435997124020,1724.0
7795,1435997124040,1724.0
7796,1435997124059,1825.0
7797,1435997124090,1825.0
7798,1435997124107,1784.0
7799,1435997124120,1784.0
7800,1435997124141,1704.0
7801,1435997124162,1704.0
7802,1435997124180,1656.0
7803,1435997124199,1698.0
7804,1435997124219,1698.0
7805,1435997124242,1788.0
7806,1435997124260,1788.0
7807,1435997124282,1897.0
7808,1435997124301,1897.0
7809,1435997124320,1999.0
7810,1435997124343,1999.0
7811,1435997124363,2081.0
7812,1435997124383,2081.0
7813,1435997124403,2114.0
7814,1435997124421,2174.0
7815,1435997124440,2174.0
7816,1435997124462,2297.0
7817,1435997124483,2297.0
7818,1435997124499,2255.0
7819,1435997124521,2255.0
7820,1435997124543,2083.0
7821,1435997124563,2083.0
7822,1435997124581,2039.0
7823,1435997124601,2039.0
7824,1435997124620,2039.0
7825,1435997124642,2041.0
7826,1435997124662,2041.0
7827,1435997124682,2058.0
7828,1435997124725,2058.0
7829,1435997124726,2100.0
7830,1435997124866,2100.0
7831,1435997124867,2132.0
7832,1435997124868,2132.0
7833,1435997124869,2163.0
7834,1435997124870,2107.0
7835,1435997124871,2107.0
7836,1435997124872,2079.0
7837,1435997124904,2079.0
7838,1435997124905,2153.0
7839,1435997124933,2153.0
7840,1435997124941,2229.0
7841,1435997124962,2229.0
7842,1435997124981,2325.0
7843,1435997125001,2325.0
7844,1435997125021,2460.0
7845,1435997125046,2672.0
7846,1435997125060,2672.0
7847,1435997125081,2714.0
7848,1435997125102,2714.0
7849,1435997125129,2535.0
7850,1435997125143,2535.0
7851,1435997125165,2360.0
7852,1435997125185,2360.0
7853,1435997125203,2278.0
7854,1435997125223,2278.0
7855,1435997125242,2314.0
7856,1435997125260,2099.0
7857,1435997125284,2099.0
7858,1435997125304,2078.0
7859,1435997125324,2078.0
7860,1435997125344,2065.0
7861,1435997125364,2065.0
7862,1435997125384,1961.0
7863,1435997125402,1961.0
7864,1435997125421,1918.0
7865,1435997125442,1918.0
7866,1435997125464,1899.0
7867,1435997125484,1919.0
7868,1435997125504,1919.0
7869,1435997125523,1979.0
7870,1435997125540,1979.0
7871,1435997125567,1989.0
7872,1435997125583,1989.0
7873,1435997125601,2176.0
7874,1435997125620,2176.0
7875,1435997125641,2286.0
7876,1435997125663,2076.0
7877,1435997125683,2076.0
7878,1435997125702,1938.0
7879,1435997125721,1938.0
7880,1435997125743,1968.0
7881,1435997125764,1968.0
7882,1435997125781,1977.0
7883,1435997125805,1977.0
7884,1435997125825,2051.0
7885,1435997125844,2051.0
7886,1435997125864,2071.0
7887,1435997125885,2010.0
7888,1435997125906,2010.0
7889,1435997125921,1889.0
7890,1435997125942,1889.0
7891,1435997125962,1741.0
7892,1435997125984,1741.0
7893,1435997126004,1753.0
7894,1435997126024,1753.0
7895,1435997126043,1809.0
7896,1435997126061,1809.0
7897,1435997126082,1850.0
7898,1435997126105,1774.0
7899,1435997126126,1774.0
7900,1435997126145,1725.0
7901,1435997126162,1725.0
7902,1435997126184,1604.0
7903,1435997126257,1604.0
7904,1435997126258,1574.0
7905,1435997126263,1574.0
7906,1435997126264,1564.0
7907,1435997126286,1564.0
7908,1435997126308,1470.0
7909,1435997126323,1397.0
7910,1435997126344,1397.0
7911,1435997126362,1315.0
7912,1435997126383,1315.0
7913,1435997126404,1343.0
7914,1435997126423,1343.0
7915,1435997126445,1440.0
7916,1435997126462,1440.0
7917,1435997126485,1545.0
7918,1435997126505,1677.0
7919,1435997126524,1677.0
7920,1435997126542,1724.0
7921,1435997126564,1724.0
7922,1435997126584,1732.0
7923,1435997126605,1732.0
7924,1435997126625,1553.0
7925,1435997126648,1553.0
7926,1435997126662,1500.0
7927,1435997126685,1500.0
7928,1435997126705,1614.0
7929,1435997126727,1589.0
7930,1435997126746,1589.0
7931,1435997126765,1494.0
7932,1435997126785,1494.0
7933,1435997126805,1418.0
7934,1435997126824,1418.0
7935,1435997126844,1443.0
7936,1435997126866,1443.0
7937,1435997126888,1529.0
7938,1435997126906,1529.0
7939,1435997126926,1534.0
7940,1435997127000,1540.0
7941,1435997127001,1540.0
7942,1435997127005,1526.0
7943,1435997127006,1526.0
7944,1435997127025,1553.0
7945,1435997127048,1553.0
7946,1435997127063,1670.0
7947,1435997127083,1670.0
7948,1435997127104,1828.0
7949,1435997127124,1828.0
7950,1435997127145,1923.0
7951,1435997127165,1827.0
7952,1435997127186,1827.0
7953,1435997127205,1716.0
7954,1435997127224,1716.0
7955,1435997127243,1550.0
7956,1435997127263,1550.0
7957,1435997127314,1507.0
7958,1435997127315,1507.0
7959,1435997127332,1502.0
7960,1435997127345,1400.0
7961,1435997127371,1400.0
7962,1435997127390,1397.0
7963,1435997127404,1397.0
7964,1435997127424,1405.0
7965,1435997127443,1405.0
7966,1435997127463,1387.0
7967,1435997127483,1387.0
7968,1435997127503,1390.0
7969,1435997127526,1390.0
7970,1435997127546,1487.0
7971,1435997127576,1579.0
7972,1435997127583,1579.0
7973,1435997127603,1615.0
7974,1435997127624,1615.0
7975,1435997127663,1636.0
7976,1435997127664,1636.0
7977,1435997127683,1497.0
7978,1435997127703,1497.0
7979,1435997127723,1416.0
7980,1435997127742,1416.0
7981,1435997127762,1499.0
7982,1435997127782,1452.0
7983,1435997127803,1452.0
7984,1435997127826,1394.0
7985,1435997127843,1394.0
7986,1435997127867,1347.0
7987,1435997127887,1347.0
7988,1435997127907,1334.0
7989,1435997127924,1334.0
7990,1435997127945,1383.0
7991,1435997127963,1383.0
7992,1435997127984,1384.0
7993,1435997128007,1385.0
7994,1435997128026,1385.0
7995,1435997128047,1405.0
7996,1435997128065,1405.0
7997,1435997128084,1485.0
7998,1435997128105,1485.0
7999,1435997128125,1567.0
8000,1435997128144,1567.0
8001,1435997128167,1693.0
8002,1435997128187,1693.0
8003,1435997128209,1740.0
8004,1435997128227,1660.0
8005,1435997128246,1660.0
8006,1435997128264,1580.0
8007,1435997128286,1580.0
8008,1435997128305,1495.0
8009,1435997128368,1495.0
8010,1435997128369,1536.0
8011,1435997128370,1536.0
8012,1435997128393,1415.0
8013,1435997128404,1332.0
8014,1435997128424,1332.0
8015,1435997128445,1346.0
8016,1435997128464,1346.0
8017,1435997128485,1385.0
8018,1435997128504,1385.0
8019,1435997128524,1480.0
8020,1435997128547,1480.0
8021,1435997128565,1581.0
8022,1435997128584,1581.0
8023,1435997128606,1664.0
8024,1435997128626,1727.0
8025,1435997128647,1727.0
8026,1435997128671,1739.0
8027,1435997128686,1739.0
8028,1435997128705,1875.0
8029,1435997128725,1875.0
8030,1435997128744,1752.0
8031,1435997128765,1752.0
8032,1435997128785,1689.0
8033,1435997128805,1689.0
8034,1435997128827,1816.0
8035,1435997128844,1862.0
8036,1435997128864,1862.0
8037,1435997128886,1847.0
8038,1435997128909,1847.0
8039,1435997128929,1891.0
8040,1435997128948,1891.0
8041,1435997128965,1870.0
8042,1435997128984,1870.0
8043,1435997129004,1868.0
8044,1435997129024,1868.0
8045,1435997129044,1884.0
8046,1435997129068,1879.0
8047,1435997129132,1879.0
8048,1435997129133,1849.0
8049,1435997129134,1849.0
8050,1435997129145,1803.0
8051,1435997129165,1803.0
8052,1435997129186,1826.0
8053,1435997129206,1826.0
8054,1435997129226,1956.0
8055,1435997129248,1924.0
8056,1435997129265,1924.0
8057,1435997129285,1803.0
8058,1435997129305,1803.0
8059,1435997129325,1651.0
8060,1435997129346,1651.0
8061,1435997129366,1597.0
8062,1435997129388,1597.0
8063,1435997129407,1631.0
8064,1435997129426,1631.0
8065,1435997129445,1435.0
8066,1435997129465,1370.0
8067,1435997129486,1370.0
8068,1435997129507,1405.0
8069,1435997129529,1405.0
8070,1435997129546,1416.0
8071,1435997129569,1416.0
8072,1435997129590,1538.0
8073,1435997129606,1538.0
8074,1435997129626,1618.0
8075,1435997129647,1618.0
8076,1435997129667,1709.0
8077,1435997129688,1737.0
8078,1435997129706,1737.0
8079,1435997129726,1675.0
8080,1435997129745,1675.0
8081,1435997129766,1747.0
8082,1435997129795,1747.0
8083,1435997129874,1691.0
8084,1435997129875,1691.0
8085,1435997129876,1650.0
8086,1435997129877,1650.0
8087,1435997129897,1844.0
8088,1435997129906,1907.0
8089,1435997129926,1907.0
8090,1435997129947,1921.0
8091,1435997129965,1921.0
8092,1435997129985,1965.0
8093,1435997130007,1965.0
8094,1435997130025,1944.0
8095,1435997130048,1944.0
8096,1435997130067,2019.0
8097,1435997130089,2082.0
8098,1435997130107,2082.0
8099,1435997130127,2102.0
8100,1435997130146,2102.0
8101,1435997130165,2107.0
8102,1435997130186,2107.0
8103,1435997130207,2063.0
8104,1435997130226,2063.0
8105,1435997130248,2080.0
8106,1435997130268,2080.0
8107,1435997130291,2184.0
8108,1435997130305,2166.0
8109,1435997130327,2166.0
8110,1435997130349,2013.0
8111,1435997130369,2013.0
8112,1435997130390,1846.0
8113,1435997130408,1846.0
8114,1435997130427,1716.0
8115,1435997130447,1716.0
8116,1435997130466,1730.0
8117,1435997130487,1730.0
8118,1435997130508,1684.0
8119,1435997130528,1586.0
8120,1435997130548,1586.0
8121,1435997130567,1580.0
8122,1435997130621,1580.0
8123,1435997130622,1623.0
8124,1435997130631,1623.0
8125,1435997130647,1709.0
8126,1435997130666,1709.0
8127,1435997130687,1771.0
8128,1435997130706,1771.0
8129,1435997130726,1851.0
8130,1435997130748,1894.0
8131,1435997130766,1894.0
8132,1435997130787,1863.0
8133,1435997130809,1863.0
8134,1435997130827,1957.0
8135,1435997130846,1957.0
8136,1435997130866,2026.0
8137,1435997130887,2026.0
8138,1435997130907,1923.0
8139,1435997130927,1815.0
8140,1435997130948,1815.0
8141,1435997130968,1835.0
8142,1435997130989,1835.0
8143,1435997131008,1729.0
8144,1435997131027,1729.0
8145,1435997131047,1594.0
8146,1435997131067,1594.0
8147,1435997131087,1415.0
8148,1435997131107,1415.0
8149,1435997131143,1278.0
8150,1435997131146,1307.0
8151,1435997131167,1307.0
8152,1435997131188,1340.0
8153,1435997131208,1340.0
8154,1435997131227,1324.0
8155,1435997131248,1324.0
8156,1435997131268,1372.0
8157,1435997131314,1372.0
8158,1435997131315,1468.0
8159,1435997131340,1468.0
8160,1435997131354,1556.0
8161,1435997131367,1722.0
8162,1435997131388,1722.0
8163,1435997131408,1684.0
8164,1435997131427,1684.0
8165,1435997131447,1621.0
8166,1435997131470,1621.0
8167,1435997131489,1447.0
8168,1435997131507,1447.0
8169,1435997131529,1317.0
8170,1435997131547,1317.0
8171,1435997132741,1289.0
8172,1435997132742,1198.0
8173,1435997132743,1198.0
8174,1435997132744,1141.0
8175,1435997132745,1141.0
8176,1435997132746,1085.0
8177,1435997132747,1085.0
8178,1435997132748,1019.0
8179,1435997132749,1019.0
8180,1435997132750,1083.0
8181,1435997132751,1110.0
8182,1435997132752,1110.0
8183,1435997132753,1184.0
8184,1435997132754,1184.0
8185,1435997132755,1234.0
8186,1435997132756,1234.0
8187,1435997132757,1248.0
8188,1435997132758,1248.0
8189,1435997132759,1417.0
8190,1435997132760,1417.0
8191,1435997132761,1419.0
8192,1435997132762,1327.0
8193,1435997132763,1327.0
8194,1435997132764,1309.0
8195,1435997132765,1309.0
8196,1435997132766,1358.0
8197,1435997132767,1358.0
8198,1435997132768,1347.0
8199,1435997132769,1347.0
8200,1435997132770,1420.0
8201,1435997132771,1420.0
8202,1435997132772,1447.0
8203,1435997132773,1514.0
8204,1435997132774,1514.0
8205,1435997132775,1602.0
8206,1435997132776,1602.0
8207,1435997132777,1587.0
8208,1435997132778,1587.0
8209,1435997132779,1611.0
8210,1435997132780,1611.0
8211,1435997132781,1620.0
8212,1435997132782,1620.0
8213,1435997132783,1646.0
8214,1435997132784,1742.0
8215,1435997132785,1742.0
8216,1435997132786,1851.0
8217,1435997132787,1851.0
8218,1435997132788,1764.0
8219,1435997132789,1764.0
8220,1435997132790,1670.0
8221,1435997132791,1670.0
8222,1435997132792,1540.0
8223,1435997132793,1548.0
8224,1435997132794,1548.0
8225,1435997132795,1513.0
8226,1435997132796,1513.0
8227,1435997132797,1342.0
8228,1435997132798,1342.0
8229,1435997132799,1299.0
8230,1435997132800,1299.0
8231,1435997132801,1306.0
8232,1435997132802,1306.0
8233,1435997132807,1346.0
8234,1435997132827,1464.0
8235,1435997132847,1464.0
8236,1435997132867,1547.0
8237,1435997132887,1547.0
8238,1435997132907,1621.0
8239,1435997132928,1621.0
8240,1435997132947,1620.0
8241,1435997132967,1620.0
8242,1435997132990,1538.0
8243,1435997133010,1538.0
8244,1435997133038,1477.0
8245,1435997133051,1638.0
8246,1435997133070,1638.0
8247,1435997133088,1897.0
8248,1435997133109,1897.0
8249,1435997133128,1680.0
8250,1435997133151,1680.0
8251,1435997133172,1643.0
8252,1435997133193,1643.0
8253,1435997133211,1756.0
8254,1435997133230,1756.0
8255,1435997133251,1869.0
8256,1435997133269,1934.0
8257,1435997133398,1934.0
8258,1435997133399,2039.0
8259,1435997133400,2039.0
8260,1435997133401,2130.0
8261,1435997133402,2130.0
8262,1435997133403,2133.0
8263,1435997133454,2133.0
8264,1435997133455,2074.0
8265,1435997133456,1920.0
8266,1435997133469,1920.0
8267,1435997133489,1793.0
8268,1435997133509,1793.0
8269,1435997133541,1654.0
8270,1435997133561,1654.0
8271,1435997133569,1532.0
8272,1435997133594,1532.0
8273,1435997133609,1561.0
8274,1435997133629,1561.0
8275,1435997133649,1558.0
8276,1435997133669,1591.0
8277,1435997133689,1591.0
8278,1435997133708,1635.0
8279,1435997133728,1635.0
8280,1435997133748,1630.0
8281,1435997133774,1630.0
8282,1435997133788,1672.0
8283,1435997133809,1672.0
8284,1435997133830,1484.0
8285,1435997133850,1484.0
8286,1435997133868,1556.0
8287,1435997133890,1574.0
8288,1435997133911,1574.0
8289,1435997133931,1484.0
8290,1435997133951,1484.0
8291,1435997133971,1362.0
8292,1435997133991,1362.0
8293,1435997134012,1301.0
8294,1435997134031,1301.0
8295,1435997134051,1271.0
8296,1435997134069,1271.0
8297,1435997134093,1296.0
8298,1435997134108,1416.0
8299,1435997134129,1416.0
8300,1435997134149,1581.0
8301,1435997134168,1581.0
8302,1435997134193,1761.0
8303,1435997134210,1761.0
8304,1435997134233,1792.0
8305,1435997134251,1792.0
8306,1435997134269,1700.0
8307,1435997134291,1815.0
8308,1435997134313,1815.0
8309,1435997134333,1927.0
8310,1435997134350,1927.0
8311,1435997134371,1691.0
8312,1435997134390,1691.0
8313,1435997134410,1460.0
8314,1435997134431,1460.0
8315,1435997134452,1398.0
8316,1435997134473,1398.0
8317,1435997134492,1465.0
8318,1435997134513,1546.0
8319,1435997134531,1546.0
8320,1435997134550,1519.0
8321,1435997134571,1519.0
8322,1435997134592,1440.0
8323,1435997134613,1440.0
8324,1435997134633,1441.0
8325,1435997134652,1441.0
8326,1435997134671,1527.0
8327,1435997134690,1527.0
8328,1435997134760,1557.0
8329,1435997134763,1546.0
8330,1435997134764,1546.0
8331,1435997134781,1586.0
8332,1435997134790,1586.0
8333,1435997134810,1715.0
8334,1435997134845,1715.0
8335,1435997134871,1640.0
8336,1435997134872,1640.0
8337,1435997134890,1471.0
8338,1435997134911,1471.0
8339,1435997134930,1505.0
8340,1435997134951,1632.0
8341,1435997134970,1632.0
8342,1435997134990,1628.0
8343,1435997135010,1628.0
8344,1435997135032,1531.0
8345,1435997135054,1531.0
8346,1435997135072,1486.0
8347,1435997135093,1486.0
8348,1435997135110,1517.0
8349,1435997135131,1591.0
8350,1435997135150,1591.0
8351,1435997135174,1767.0
8352,1435997135194,1767.0
8353,1435997135214,2021.0
8354,1435997135233,2021.0
8355,1435997135250,2155.0
8356,1435997135273,2155.0
8357,1435997135293,2153.0
8358,1435997135313,2153.0
8359,1435997135333,2192.0
8360,1435997135353,2214.0
8361,1435997135374,2214.0
8362,1435997135391,2080.0
8363,1435997135410,2080.0
8364,1435997135431,1953.0
8365,1435997135454,1953.0
8366,1435997135473,1911.0
8367,1435997135500,1911.0
8368,1435997135515,1828.0
8369,1435997135533,1828.0
8370,1435997135550,1840.0
8371,1435997135571,1886.0
8372,1435997135591,1886.0
8373,1435997135612,1957.0
8374,1435997135631,1957.0
8375,1435997135653,1909.0
8376,1435997135674,1909.0
8377,1435997135692,1787.0
8378,1435997135711,1787.0
8379,1435997135731,1685.0
8380,1435997135754,1685.0
8381,1435997135775,1568.0
8382,1435997135794,1505.0
8383,1435997135814,1505.0
8384,1435997135837,1520.0
8385,1435997135851,1520.0
8386,1435997135874,1396.0
8387,1435997135892,1396.0
8388,1435997135914,1241.0
8389,1435997135934,1241.0
8390,1435997135953,1139.0
8391,1435997135973,1153.0
8392,1435997135991,1153.0
8393,1435997136013,1200.0
8394,1435997136033,1200.0
8395,1435997136059,1125.0
8396,1435997136077,1125.0
8397,1435997136095,1066.0
8398,1435997136195,1066.0
8399,1435997136196,993.0
8400,1435997136197,993.0
8401,1435997136198,996.0
8402,1435997136199,1108.0
8403,1435997136214,1108.0
8404,1435997136231,1238.0
8405,1435997136254,1238.0
8406,1435997136271,1433.0
8407,1435997136293,1433.0
8408,1435997136313,1451.0
8409,1435997136333,1451.0
8410,1435997136355,1395.0
8411,1435997136376,1395.0
8412,1435997136392,1554.0
8413,1435997136415,1557.0
8414,1435997136435,1557.0
8415,1435997136455,1369.0
8416,1435997136475,1369.0
8417,1435997136495,1232.0
8418,1435997136514,1232.0
8419,1435997136533,1177.0
8420,1435997136551,1177.0
8421,1435997136574,1171.0
8422,1435997136592,1171.0
8423,1435997136612,1196.0
8424,1435997136633,1205.0
8425,1435997136654,1205.0
8426,1435997136676,1177.0
8427,1435997136694,1177.0
8428,1435997136716,1148.0
8429,1435997136735,1148.0
8430,1435997136755,1068.0
8431,1435997136776,1068.0
8432,1435997136795,984.0
8433,1435997136812,977.0
8434,1435997136835,977.0
8435,1435997136854,982.0
8436,1435997136915,982.0
8437,1435997136916,987.0
8438,1435997136917,987.0
8439,1435997136932,872.0
8440,1435997136952,872.0
8441,1435997136976,777.0
8442,1435997136992,777.0
8443,1435997137012,761.0
8444,1435997137033,785.0
8445,1435997137056,785.0
8446,1435997137077,777.0
8447,1435997137119,777.0
8448,1435997137120,788.0
8449,1435997137135,788.0
8450,1435997137156,735.0
8451,1435997137181,735.0
8452,1435997137197,731.0
8453,1435997137357,731.0
8454,1435997137358,830.0
8455,1435997137359,993.0
8456,1435997137360,993.0
8457,1435997137361,1164.0
8458,1435997137362,1164.0
8459,1435997137363,1255.0
8460,1435997137364,1255.0
8461,1435997137400,1325.0
8462,1435997137401,1325.0
8463,1435997137413,1475.0
8464,1435997137436,1475.0
8465,1435997137456,1438.0
8466,1435997137480,1328.0
8467,1435997137496,1328.0
8468,1435997137516,1213.0
8469,1435997137535,1213.0
8470,1435997137557,1150.0
8471,1435997137578,1150.0
8472,1435997137596,1140.0
8473,1435997137693,1140.0
8474,1435997137694,1177.0
8475,1435997137695,1182.0
8476,1435997137696,1182.0
8477,1435997137697,1124.0
8478,1435997137718,1124.0
8479,1435997137734,1035.0
8480,1435997137752,1035.0
8481,1435997137774,935.0
8482,1435997137792,935.0
8483,1435997137812,879.0
8484,1435997137836,879.0
8485,1435997137856,872.0
8486,1435997137873,894.0
8487,1435997137894,894.0
8488,1435997137914,836.0
8489,1435997137932,836.0
8490,1435997137954,736.0
8491,1435997137976,736.0
8492,1435997137996,674.0
8493,1435997138016,674.0
8494,1435997138036,749.0
8495,1435997138053,749.0
8496,1435997138073,751.0
8497,1435997138094,690.0
8498,1435997138114,690.0
8499,1435997138133,614.0
8500,1435997138157,614.0
8501,1435997138177,582.0
8502,1435997138200,582.0
8503,1435997138215,604.0
8504,1435997138236,604.0
8505,1435997138254,686.0
8506,1435997138275,686.0
8507,1435997138294,814.0
8508,1435997138377,952.0
8509,1435997138378,952.0
8510,1435997138379,971.0
8511,1435997138380,971.0
8512,1435997138394,1018.0
8513,1435997138420,1018.0
8514,1435997138458,983.0
8515,1435997138459,983.0
8516,1435997138484,835.0
8517,1435997138494,708.0
8518,1435997138520,708.0
8519,1435997138534,646.0
8520,1435997138556,646.0
8521,1435997138577,668.0
8522,1435997138595,668.0
8523,1435997138615,707.0
8524,1435997138634,707.0
8525,1435997138653,704.0
8526,1435997138676,704.0
8527,1435997138696,698.0
8528,1435997138717,714.0
8529,1435997138743,714.0
8530,1435997138777,759.0
8531,1435997138778,759.0
8532,1435997138795,847.0
8533,1435997138818,847.0
8534,1435997138839,920.0
8535,1435997138860,920.0
8536,1435997138878,973.0
8537,1435997138896,973.0
8538,1435997138916,1124.0
8539,1435997138934,977.0
8540,1435997138956,977.0
8541,1435997138978,798.0
8542,1435997138998,798.0
8543,1435997139016,701.0
8544,1435997139034,701.0
8545,1435997139091,696.0
8546,1435997139092,696.0
8547,1435997139094,679.0
8548,1435997139115,679.0
8549,1435997139135,549.0
8550,1435997139156,467.0
8551,1435997139175,467.0
8552,1435997139197,448.0
8553,1435997139216,448.0
8554,1435997139234,439.0
8555,1435997139254,439.0
8556,1435997139277,489.0
8557,1435997139295,489.0
8558,1435997139315,626.0
8559,1435997139336,733.0
8560,1435997139358,733.0
8561,1435997139377,794.0
8562,1435997139398,794.0
8563,1435997139417,845.0
8564,1435997139436,845.0
8565,1435997139455,719.0
8566,1435997139474,719.0
8567,1435997139496,613.0
8568,1435997139514,613.0
8569,1435997139536,650.0
8570,1435997139558,689.0
8571,1435997139587,689.0
8572,1435997139601,646.0
8573,1435997139619,646.0
8574,1435997139638,602.0
8575,1435997139657,602.0
8576,1435997139676,588.0
8577,1435997139697,588.0
8578,1435997139918,591.0
8579,1435997139919,591.0
8580,1435997139927,591.0
8581,1435997139928,579.0
8582,1435997139929,579.0
8583,1435997139930,566.0
8584,1435997139931,566.0
8585,1435997139932,570.0
8586,1435997139933,570.0
8587,1435997139934,575.0
8588,1435997139935,575.0
8589,1435997139965,602.0
8590,1435997139966,602.0
8591,1435997140007,670.0
8592,1435997140008,707.0
8593,1435997140016,707.0
8594,1435997140036,592.0
8595,1435997140055,592.0
8596,1435997140076,516.0
8597,1435997140097,516.0
8598,1435997140117,434.0
8599,1435997140138,434.0
8600,1435997140159,462.0
8601,1435997140178,410.0
8602,1435997140197,410.0
8603,1435997140217,389.0
8604,1435997140235,389.0
8605,1435997140255,381.0
8606,1435997140276,381.0
8607,1435997140296,377.0
8608,1435997140317,377.0
8609,1435997140338,377.0
8610,1435997140359,377.0
8611,1435997140377,368.0
8612,1435997140397,402.0
8613,1435997140417,402.0
8614,1435997140440,473.0
8615,1435997140459,473.0
8616,1435997140478,505.0
8617,1435997140505,505.0
8618,1435997140516,568.0
8619,1435997140536,568.0
8620,1435997140555,607.0
8621,1435997140610,607.0
8622,1435997140618,491.0
8623,1435997140619,484.0
8624,1435997140637,484.0
8625,1435997140656,551.0
8626,1435997140677,551.0
8627,1435997140696,541.0
8628,1435997140716,541.0
8629,1435997140737,512.0
8630,1435997140756,512.0
8631,1435997140779,497.0
8632,1435997140798,497.0
8633,1435997140819,505.0
8634,1435997140837,510.0
8635,1435997140857,510.0
8636,1435997140876,506.0
8637,1435997140896,506.0
8638,1435997140916,525.0
8639,1435997140937,525.0
8640,1435997140957,593.0
8641,1435997140977,593.0
8642,1435997140998,641.0
8643,1435997141018,689.0
8644,1435997141044,689.0
8645,1435997141058,697.0
8646,1435997141078,697.0
8647,1435997141097,659.0
8648,1435997141117,659.0
8649,1435997141136,557.0
8650,1435997141156,557.0
8651,1435997141179,552.0
8652,1435997141199,552.0
8653,1435997141218,526.0
8654,1435997141238,465.0
8655,1435997141257,465.0
8656,1435997141277,430.0
8657,1435997141296,430.0
8658,1435997141365,391.0
8659,1435997141366,391.0
8660,1435997141367,344.0
8661,1435997141385,344.0
8662,1435997141396,355.0
8663,1435997141416,355.0
8664,1435997141439,415.0
8665,1435997141456,545.0
8666,1435997141478,545.0
8667,1435997141497,638.0
8668,1435997141517,638.0
8669,1435997141539,681.0
8670,1435997141557,681.0
8671,1435997141577,761.0
8672,1435997141598,761.0
8673,1435997141618,706.0
8674,1435997141638,706.0
8675,1435997141657,521.0
8676,1435997141677,538.0
8677,1435997141697,538.0
8678,1435997141716,584.0
8679,1435997141737,584.0
8680,1435997141758,332.0
8681,1435997141778,332.0
8682,1435997141798,186.0
8683,1435997141818,186.0
8684,1435997141839,178.0
8685,1435997141858,179.0
8686,1435997141878,179.0
8687,1435997141899,177.0
8688,1435997141919,177.0
8689,1435997141939,176.0
8690,1435997141958,176.0
8691,1435997141978,170.0
8692,1435997141997,170.0
8693,1435997142018,169.0
8694,1435997142117,169.0
8695,1435997142118,174.0
8696,1435997142119,171.0
8697,1435997142120,171.0
8698,1435997142121,169.0
8699,1435997142137,169.0
8700,1435997142158,166.0
8701,1435997142177,166.0
8702,1435997142197,162.0
8703,1435997142219,162.0
8704,1435997142238,159.0
8705,1435997142259,159.0
8706,1435997142277,159.0
8707,1435997142297,157.0
8708,1435997142318,157.0
8709,1435997142338,160.0
8710,1435997142358,160.0
8711,1435997142377,159.0
8712,1435997142399,159.0
8713,1435997142418,166.0
8714,1435997142437,166.0
8715,1435997142458,163.0
8716,1435997142478,163.0
8717,1435997142500,157.0
8718,1435997142519,149.0
8719,1435997142538,149.0
8720,1435997142558,149.0
8721,1435997142579,149.0
8722,1435997142599,152.0
8723,1435997142618,152.0
8724,1435997142637,154.0
8725,1435997142657,154.0
8726,1435997142678,151.0
8727,1435997142697,151.0
8728,1435997142719,151.0
8729,1435997142740,151.0
8730,1435997142759,151.0
8731,1435997142781,151.0
8732,1435997142834,151.0
8733,1435997142835,154.0
8734,1435997142848,154.0
8735,1435997142858,152.0
8736,1435997142878,152.0
8737,1435997142901,149.0
8738,1435997142918,152.0
8739,1435997142938,152.0
8740,1435997142960,155.0
8741,1435997142978,155.0
8742,1435997143001,149.0
8743,1435997143020,149.0
8744,1435997143040,148.0
8745,1435997143058,148.0
8746,1435997143078,150.0
8747,1435997143098,150.0
8748,1435997143119,156.0
8749,1435997143141,157.0
8750,1435997143160,157.0
8751,1435997143180,160.0
8752,1435997143199,160.0
8753,1435997143219,161.0
8754,1435997143242,161.0
8755,1435997143260,163.0
8756,1435997143278,163.0
8757,1435997143333,166.0
8758,1435997143334,166.0
8759,1435997143340,167.0
8760,1435997143364,163.0
8761,1435997143415,163.0
8762,1435997143416,165.0
8763,1435997143418,165.0
8764,1435997143438,172.0
8765,1435997143460,172.0
8766,1435997143478,166.0
8767,1435997143498,166.0
8768,1435997143518,167.0
8769,1435997143541,171.0
8770,1435997143560,171.0
8771,1435997143579,179.0
8772,1435997143599,179.0
8773,1435997143619,186.0
8774,1435997143639,186.0
8775,1435997143659,190.0
8776,1435997143693,190.0
8777,1435997143703,187.0
8778,1435997143718,187.0
8779,1435997143738,195.0
8780,1435997143758,198.0
8781,1435997143778,198.0
8782,1435997143813,202.0
8783,1435997143818,202.0
8784,1435997143838,204.0
8785,1435997143860,204.0
8786,1435997143882,207.0
8787,1435997143902,207.0
8788,1435997143921,211.0
8789,1435997143940,211.0
8790,1435997143959,211.0
8791,1435997143980,218.0
8792,1435997143999,218.0
8793,1435997144019,224.0
8794,1435997144038,224.0
8795,1435997144061,228.0
8796,1435997144082,228.0
8797,1435997144102,233.0
8798,1435997144123,233.0
8799,1435997144142,236.0
8800,1435997144162,236.0
8801,1435997144178,243.0
8802,1435997144201,247.0
8803,1435997144265,247.0
8804,1435997144266,253.0
8805,1435997144267,253.0
8806,1435997144281,254.0
8807,1435997144300,254.0
8808,1435997144323,260.0
8809,1435997144338,260.0
8810,1435997144361,265.0
8811,1435997144381,275.0
8812,1435997144399,275.0
8813,1435997144420,277.0
8814,1435997144441,277.0
8815,1435997144459,279.0
8816,1435997144482,279.0
8817,1435997144514,281.0
8818,1435997144519,281.0
8819,1435997144540,287.0
8820,1435997144559,287.0
8821,1435997144579,293.0
8822,1435997144601,295.0
8823,1435997144621,295.0
8824,1435997144643,304.0
8825,1435997144661,304.0
8826,1435997144680,310.0
8827,1435997144702,310.0
8828,1435997144725,314.0
8829,1435997144746,314.0
8830,1435997144766,319.0
8831,1435997144781,319.0
8832,1435997144801,330.0
8833,1435997144820,331.0
8834,1435997145008,331.0
8835,1435997145009,343.0
8836,1435997145010,343.0
8837,1435997145011,338.0
8838,1435997145012,338.0
8839,1435997145013,342.0
8840,1435997145014,342.0
8841,1435997145015,351.0
8842,1435997145016,351.0
8843,1435997145024,347.0
8844,1435997145040,353.0
8845,1435997145060,353.0
8846,1435997145080,356.0
8847,1435997145100,356.0
8848,1435997145146,363.0
8849,1435997145147,363.0
8850,1435997145171,366.0
8851,1435997145180,366.0
8852,1435997145204,367.0
8853,1435997145219,379.0
8854,1435997145239,379.0
8855,1435997145259,387.0
8856,1435997145279,387.0
8857,1435997145299,390.0
8858,1435997145319,390.0
8859,1435997145339,390.0
8860,1435997145359,390.0
8861,1435997145379,400.0
8862,1435997145399,400.0
8863,1435997145419,404.0
8864,1435997145439,409.0
8865,1435997145459,409.0
8866,1435997145479,412.0
8867,1435997145499,412.0
8868,1435997145519,417.0
8869,1435997145539,417.0
8870,1435997145559,411.0
8871,1435997145579,411.0
8872,1435997145599,405.0
8873,1435997145619,405.0
8874,1435997145639,405.0
8875,1435997145659,410.0
8876,1435997145679,410.0
8877,1435997145699,402.0
8878,1435997145719,402.0
8879,1435997145743,398.0
8880,1435997145759,398.0
8881,1435997145779,394.0
8882,1435997145799,394.0
8883,1435997145819,409.0
8884,1435997145839,409.0
8885,1435997145859,423.0
8886,1435997145879,412.0
8887,1435997145899,412.0
8888,1435997145919,417.0
8889,1435997145939,417.0
8890,1435997145959,414.0
8891,1435997145979,414.0
8892,1435997145999,418.0
8893,1435997146019,418.0
8894,1435997146039,417.0
8895,1435997146059,419.0
8896,1435997146079,419.0
8897,1435997146100,416.0
8898,1435997146120,416.0
8899,1435997146140,413.0
8900,1435997146159,413.0
8901,1435997146179,414.0
8902,1435997146200,414.0
8903,1435997146219,412.0
8904,1435997146239,412.0
8905,1435997146260,414.0
8906,1435997146280,422.0
8907,1435997147281,422.0
8908,1435997147282,447.0
8909,1435997147283,447.0
8910,1435997147284,477.0
8911,1435997147285,477.0
8912,1435997147286,524.0
8913,1435997147287,524.0
8914,1435997147288,501.0
8915,1435997147289,501.0
8916,1435997147290,458.0
8917,1435997147291,447.0
8918,1435997147292,447.0
8919,1435997147293,473.0
8920,1435997147294,473.0
8921,1435997147295,526.0
8922,1435997147296,526.0
8923,1435997147297,530.0
8924,1435997147298,530.0
8925,1435997147299,506.0
8926,1435997147300,506.0
8927,1435997147301,456.0
8928,1435997147302,437.0
8929,1435997147303,437.0
8930,1435997147304,443.0
8931,1435997147305,443.0
8932,1435997147306,460.0
8933,1435997147307,460.0
8934,1435997147308,469.0
8935,1435997147309,469.0
8936,1435997147310,459.0
8937,1435997147311,471.0
8938,1435997147312,471.0
8939,1435997147313,459.0
8940,1435997147314,459.0
8941,1435997147315,440.0
8942,1435997147316,440.0
8943,1435997147317,431.0
8944,1435997147318,431.0
8945,1435997147319,434.0
8946,1435997147320,434.0
8947,1435997147321,431.0
8948,1435997147322,428.0
8949,1435997147323,428.0
8950,1435997147324,423.0
8951,1435997147325,423.0
8952,1435997147326,421.0
8953,1435997147327,421.0
8954,1435997147328,415.0
8955,1435997147329,415.0
8956,1435997147330,413.0
8957,1435997147331,413.0
8958,1435997147332,422.0
8959,1435997147340,432.0
8960,1435997147360,432.0
8961,1435997147380,430.0
8962,1435997147400,430.0
8963,1435997147421,427.0
8964,1435997147445,427.0
8965,1435997147461,444.0
8966,1435997147480,444.0
8967,1435997147501,444.0
8968,1435997147520,444.0
8969,1435997147541,433.0
8970,1435997147561,436.0
8971,1435997147581,436.0
8972,1435997147601,437.0
8973,1435997147621,437.0
8974,1435997147645,430.0
8975,1435997147663,430.0
8976,1435997147681,422.0
8977,1435997147703,422.0
8978,1435997147724,420.0
8979,1435997147744,420.0
8980,1435997147763,420.0
8981,1435997147783,423.0
8982,1435997147811,423.0
8983,1435997147836,420.0
8984,1435997147851,420.0
8985,1435997147864,429.0
8986,1435997147882,429.0
8987,1435997147903,433.0
8988,1435997147924,433.0
8989,1435997147944,430.0
8990,1435997147962,432.0
8991,1435997147985,432.0
8992,1435997148005,438.0
8993,1435997148025,438.0
8994,1435997148046,444.0
8995,1435997148065,444.0
8996,1435997148084,435.0
8997,1435997148102,435.0
8998,1435997148124,435.0
8999,1435997148143,435.0
9000,1435997148165,435.0
9001,1435997148185,432.0
9002,1435997148204,432.0
9003,1435997148224,430.0
9004,1435997148244,430.0
9005,1435997148264,452.0
9006,1435997148287,452.0
9007,1435997148303,467.0
9008,1435997148328,467.0
9009,1435997148345,468.0
9010,1435997148365,468.0
9011,1435997148384,445.0
9012,1435997148403,441.0
9013,1435997148426,441.0
9014,1435997148515,438.0
9015,1435997148519,438.0
9016,1435997148520,441.0
9017,1435997148521,441.0
9018,1435997148535,445.0
9019,1435997148549,445.0
9020,1435997148595,452.0
9021,1435997148596,454.0
9022,1435997148605,454.0
9023,1435997148628,442.0
9024,1435997148670,442.0
9025,1435997148671,440.0
9026,1435997148730,440.0
9027,1435997148731,454.0
9028,1435997148732,454.0
9029,1435997148750,448.0
9030,1435997148767,448.0
9031,1435997148783,436.0
9032,1435997148805,439.0
9033,1435997148834,439.0
9034,1435997148864,447.0
9035,1435997148865,447.0
9036,1435997148933,442.0
9037,1435997148934,442.0
9038,1435997148935,435.0
9039,1435997148943,435.0
9040,1435997148964,436.0
9041,1435997148990,436.0
9042,1435997149004,447.0
9043,1435997149027,452.0
9044,1435997149048,452.0
9045,1435997149069,461.0
9046,1435997149088,461.0
9047,1435997149108,463.0
9048,1435997149127,463.0
9049,1435997149147,464.0
9050,1435997149169,464.0
9051,1435997149190,459.0
9052,1435997149210,459.0
9053,1435997149225,455.0
9054,1435997149246,454.0
9055,1435997149318,454.0
9056,1435997149319,448.0
9057,1435997149320,448.0
9058,1435997149330,455.0
9059,1435997149346,455.0
9060,1435997149367,458.0
9061,1435997149384,458.0
9062,1435997149408,454.0
9063,1435997149436,454.0
9064,1435997149445,454.0
9065,1435997149471,461.0
9066,1435997149501,461.0
9067,1435997149506,474.0
9068,1435997149526,474.0
9069,1435997149546,480.0
9070,1435997149565,480.0
9071,1435997149584,484.0
9072,1435997149614,484.0
9073,1435997149625,486.0
9074,1435997149645,483.0
9075,1435997149665,483.0
9076,1435997149686,472.0
9077,1435997149725,472.0
9078,1435997149727,470.0
9079,1435997149746,470.0
9080,1435997149766,468.0
9081,1435997149786,468.0
9082,1435997149812,469.0
9083,1435997149826,469.0
9084,1435997149846,464.0
9085,1435997149876,462.0
9086,1435997149885,462.0
9087,1435997149905,465.0
9088,1435997149930,465.0
9089,1435997149947,466.0
9090,1435997149965,466.0
9091,1435997150033,464.0
9092,1435997150034,464.0
9093,1435997150035,456.0
9094,1435997150051,456.0
9095,1435997150066,457.0
9096,1435997150085,459.0
9097,1435997150107,459.0
9098,1435997150133,462.0
9099,1435997150145,462.0
9100,1435997150171,476.0
9101,1435997150185,476.0
9102,1435997150203,481.0
9103,1435997150223,481.0
9104,1435997150244,481.0
9105,1435997150263,482.0
9106,1435997150283,482.0
9107,1435997150303,485.0
9108,1435997150323,485.0
9109,1435997150343,490.0
9110,1435997150363,490.0
9111,1435997150383,488.0
9112,1435997150404,488.0
9113,1435997150424,492.0
9114,1435997150444,492.0
9115,1435997150464,500.0
9116,1435997150484,494.0
9117,1435997150504,494.0
9118,1435997150524,492.0
9119,1435997150544,492.0
9120,1435997150564,492.0
9121,1435997150584,492.0
9122,1435997150604,496.0
9123,1435997150625,496.0
9124,1435997150644,500.0
9125,1435997150664,500.0
9126,1435997150684,502.0
9127,1435997150704,508.0
9128,1435997150724,508.0
9129,1435997150744,521.0
9130,1435997150764,521.0
9131,1435997150784,514.0
9132,1435997150804,514.0
9133,1435997150824,504.0
9134,1435997150844,504.0
9135,1435997150864,507.0
9136,1435997150884,507.0
9137,1435997150904,509.0
9138,1435997150924,508.0
9139,1435997150944,508.0
9140,1435997150964,497.0
9141,1435997150984,497.0
9142,1435997151004,497.0
9143,1435997151024,497.0
9144,1435997151044,520.0
9145,1435997151064,520.0
9146,1435997151084,575.0
9147,1435997151104,742.0
9148,1435997151124,742.0
9149,1435997151144,832.0
9150,1435997151164,832.0
9151,1435997151184,745.0
9152,1435997151204,745.0
9153,1435997151224,726.0
9154,1435997151244,726.0
9155,1435997151264,697.0
9156,1435997151284,697.0
9157,1435997151304,565.0
9158,1435997151324,545.0
9159,1435997151344,545.0
9160,1435997151364,565.0
9161,1435997151384,565.0
9162,1435997151404,589.0
9163,1435997151424,589.0
9164,1435997151444,624.0
9165,1435997151464,624.0
9166,1435997151484,731.0
9167,1435997151504,731.0
9168,1435997151525,900.0
9169,1435997151545,950.0
9170,1435997151565,950.0
9171,1435997151585,857.0
9172,1435997151605,857.0
9173,1435997151625,926.0
9174,1435997151645,926.0
9175,1435997151665,1042.0
9176,1435997151685,1042.0
9177,1435997151705,931.0
9178,1435997151725,931.0
9179,1435997151745,688.0
9180,1435997151765,617.0
9181,1435997151785,617.0
9182,1435997151805,574.0
9183,1435997151825,574.0
9184,1435997151845,536.0
9185,1435997151865,536.0
9186,1435997151885,518.0
9187,1435997151905,518.0
9188,1435997151925,514.0
9189,1435997151945,514.0
9190,1435997151965,514.0
9191,1435997151985,546.0
9192,1435997152005,546.0
9193,1435997152025,572.0
9194,1435997152045,572.0
9195,1435997152065,570.0
9196,1435997152085,570.0
9197,1435997152105,541.0
9198,1435997152125,541.0
9199,1435997152145,512.0
9200,1435997152165,490.0
9201,1435997152185,490.0
9202,1435997152205,483.0
9203,1435997152225,483.0
9204,1435997152245,481.0
9205,1435997152265,481.0
9206,1435997152285,494.0
9207,1435997152305,494.0
9208,1435997152325,514.0
9209,1435997152345,514.0
9210,1435997152365,527.0
9211,1435997152385,529.0
9212,1435997152405,529.0
9213,1435997152425,521.0
9214,1435997152445,521.0
9215,1435997152465,534.0
9216,1435997152485,534.0
9217,1435997152505,586.0
9218,1435997152526,586.0
9219,1435997152545,633.0
9220,1435997152566,633.0
9221,1435997152586,609.0
9222,1435997152606,582.0
9223,1435997152626,582.0
9224,1435997152646,542.0
9225,1435997152666,542.0
9226,1435997152686,525.0
9227,1435997152706,525.0
9228,1435997152726,559.0
9229,1435997152746,559.0
9230,1435997152766,638.0
9231,1435997152786,673.0
9232,1435997152806,673.0
9233,1435997152826,610.0
9234,1435997152846,610.0
9235,1435997152866,591.0
9236,1435997152886,591.0
9237,1435997152906,592.0
9238,1435997152926,592.0
9239,1435997152946,567.0
9240,1435997152966,567.0
9241,1435997152986,540.0
9242,1435997153006,533.0
9243,1435997153026,533.0
9244,1435997153046,526.0
9245,1435997153066,526.0
9246,1435997153086,539.0
9247,1435997153106,539.0
9248,1435997153126,540.0
9249,1435997153146,540.0
9250,1435997153166,561.0
9251,1435997153186,561.0
9252,1435997153206,564.0
9253,1435997153226,574.0
9254,1435997153247,574.0
9255,1435997153267,691.0
9256,1435997153286,691.0
9257,1435997153322,800.0
9258,1435997153326,800.0
9259,1435997153346,842.0
9260,1435997153366,842.0
9261,1435997153386,1087.0
9262,1435997153406,1087.0
9263,1435997153426,1600.0
9264,1435997153446,1973.0
9265,1435997153466,1973.0
9266,1435997153488,2159.0
9267,1435997153508,2159.0
9268,1435997153529,2046.0
9269,1435997153548,2046.0
9270,1435997153568,1941.0
9271,1435997153588,1941.0
9272,1435997153610,2000.0
9273,1435997153629,2027.0
9274,1435997153647,2027.0
9275,1435997153668,2034.0
9276,1435997153687,2034.0
9277,1435997153708,2022.0
9278,1435997153729,2022.0
9279,1435997153749,2043.0
9280,1435997153770,2043.0
9281,1435997153794,2067.0
9282,1435997153855,2067.0
9283,1435997153856,2023.0
9284,1435997153857,1992.0
9285,1435997153879,1992.0
9286,1435997153889,2008.0
9287,1435997153908,2008.0
9288,1435997153931,2079.0
9289,1435997153954,2079.0
9290,1435997153968,2136.0
9291,1435997153989,2136.0
9292,1435997154008,2140.0
9293,1435997154048,2140.0
9294,1435997154049,2161.0
9295,1435997154082,2006.0
9296,1435997154089,2006.0
9297,1435997154109,1976.0
9298,1435997154129,1976.0
9299,1435997154151,1944.0
9300,1435997154173,1944.0
9301,1435997154193,1953.0
9302,1435997154212,1953.0
9303,1435997154229,1768.0
9304,1435997154252,1768.0
9305,1435997154271,1666.0
9306,1435997154289,1623.0
9307,1435997154309,1623.0
9308,1435997154328,1644.0
9309,1435997154350,1644.0
9310,1435997154416,1783.0
9311,1435997154417,1783.0
9312,1435997154418,2021.0
9313,1435997154429,2021.0
9314,1435997154449,2161.0
9315,1435997154469,2318.0
9316,1435997154489,2318.0
9317,1435997154509,2391.0
9318,1435997154529,2391.0
9319,1435997154549,2261.0
9320,1435997154569,2261.0
9321,1435997154589,2287.0
9322,1435997154617,2287.0
9323,1435997154663,2417.0
9324,1435997154664,2417.0
9325,1435997154678,2126.0
9326,1435997154698,2013.0
9327,1435997154708,2013.0
9328,1435997154729,2240.0
9329,1435997154748,2240.0
9330,1435997154768,2338.0
9331,1435997154788,2338.0
9332,1435997154809,2265.0
9333,1435997154831,2265.0
9334,1435997154850,2010.0
9335,1435997154870,2010.0
9336,1435997154888,1749.0
9337,1435997154909,1601.0
9338,1435997154930,1601.0
9339,1435997154951,1345.0
9340,1435997154971,1345.0
9341,1435997154992,982.0
9342,1435997155013,982.0
9343,1435997155029,572.0
9344,1435997155048,572.0
9345,1435997155073,401.0
9346,1435997155091,401.0
9347,1435997155110,402.0
9348,1435997155130,398.0
9349,1435997155149,398.0
9350,1435997155171,395.0
9351,1435997155193,395.0
9352,1435997155213,386.0
9353,1435997155233,386.0
9354,1435997155253,392.0
9355,1435997155271,392.0
9356,1435997155296,384.0
9357,1435997155375,384.0
9358,1435997155376,384.0
9359,1435997155377,465.0
9360,1435997155378,465.0
9361,1435997155391,679.0
9362,1435997155413,679.0
9363,1435997155430,985.0
9364,1435997155450,985.0
9365,1435997155485,1337.0
9366,1435997155490,1337.0
9367,1435997155517,1897.0
9368,1435997155532,1539.0
9369,1435997155551,1539.0
9370,1435997155570,1116.0
9371,1435997155590,1116.0
9372,1435997155612,819.0
9373,1435997155633,819.0
9374,1435997155653,356.0
9375,1435997155674,356.0
9376,1435997155693,355.0
9377,1435997155714,355.0
9378,1435997155733,359.0
9379,1435997155758,356.0
9380,1435997155773,356.0
9381,1435997155790,340.0
9382,1435997155811,340.0
9383,1435997155830,326.0
9384,1435997155854,326.0
9385,1435997155877,320.0
9386,1435997155894,320.0
9387,1435997155912,318.0
9388,1435997155932,318.0
9389,1435997155952,306.0
9390,1435997155991,304.0
9391,1435997155992,304.0
9392,1435997156024,300.0
9393,1435997156031,300.0
9394,1435997156145,301.0
9395,1435997156146,301.0
9396,1435997156147,296.0
9397,1435997156166,296.0
9398,1435997156168,300.0
9399,1435997156169,307.0
9400,1435997156175,307.0
9401,1435997156196,303.0
9402,1435997156215,303.0
9403,1435997156237,313.0
9404,1435997156251,313.0
9405,1435997156304,321.0
9406,1435997156305,321.0
9407,1435997156310,321.0
9408,1435997156331,321.0
9409,1435997156351,330.0
9410,1435997156371,390.0
9411,1435997156391,390.0
9412,1435997156411,332.0
9413,1435997156430,332.0
9414,1435997156450,298.0
9415,1435997156470,298.0
9416,1435997156491,284.0
9417,1435997156510,284.0
9418,1435997156532,275.0
9419,1435997156556,275.0
9420,1435997156576,274.0
9421,1435997156591,272.0
9422,1435997156612,272.0
9423,1435997156631,273.0
9424,1435997156661,273.0
9425,1435997156671,277.0
9426,1435997156700,277.0
9427,1435997156710,278.0
9428,1435997156730,278.0
9429,1435997156750,284.0
9430,1435997156770,284.0
9431,1435997156790,346.0
9432,1435997156810,623.0
9433,1435997156830,623.0
9434,1435997156850,449.0
9435,1435997156870,449.0
9436,1435997156890,303.0
9437,1435997156910,303.0
9438,1435997156930,520.0
9439,1435997156950,520.0
9440,1435997156970,1051.0
9441,1435997156990,1028.0
9442,1435997157010,1028.0
9443,1435997157030,751.0
9444,1435997157050,751.0
9445,1435997157070,397.0
9446,1435997157090,397.0
9447,1435997157110,291.0
9448,1435997157130,291.0
9449,1435997157150,301.0
9450,1435997157170,301.0
9451,1435997157190,295.0
9452,1435997157210,269.0
9453,1435997157230,269.0
9454,1435997157250,276.0
9455,1435997157270,276.0
9456,1435997157290,279.0
9457,1435997157310,279.0
9458,1435997157330,271.0
9459,1435997157350,271.0
9460,1435997157371,274.0
9461,1435997157403,274.0
9462,1435997157412,287.0
9463,1435997157431,301.0
9464,1435997157451,301.0
9465,1435997157471,285.0
9466,1435997157492,285.0
9467,1435997157510,269.0
9468,1435997157530,269.0
9469,1435997157550,261.0
9470,1435997157570,261.0
9471,1435997157591,254.0
9472,1435997157610,254.0
9473,1435997157631,255.0
9474,1435997157650,242.0
9475,1435997157671,242.0
9476,1435997157691,237.0
9477,1435997157711,237.0
9478,1435997157731,237.0
9479,1435997157751,237.0
9480,1435997157771,237.0
9481,1435997157791,237.0
9482,1435997157811,237.0
9483,1435997157831,239.0
9484,1435997157851,239.0
9485,1435997157871,245.0
9486,1435997157891,245.0
9487,1435997157911,254.0
9488,1435997157931,254.0
9489,1435997157951,268.0
9490,1435997157971,268.0
9491,1435997157991,262.0
9492,1435997158011,262.0
9493,1435997158031,260.0
9494,1435997158051,262.0
9495,1435997158071,262.0
9496,1435997158091,268.0
9497,1435997158111,268.0
9498,1435997158131,275.0
9499,1435997158151,275.0
9500,1435997158171,269.0
9501,1435997158191,269.0
9502,1435997158211,267.0
9503,1435997158231,267.0
9504,1435997158251,259.0
9505,1435997158271,256.0
9506,1435997158291,256.0
9507,1435997158311,255.0
9508,1435997158331,255.0
9509,1435997158351,258.0
9510,1435997158371,258.0
9511,1435997158391,262.0
9512,1435997158411,262.0
9513,1435997158431,260.0
9514,1435997158451,260.0
9515,1435997158471,259.0
9516,1435997158491,255.0
9517,1435997158511,255.0
9518,1435997158532,257.0
9519,1435997158552,257.0
9520,1435997158571,253.0
9521,1435997158591,253.0
9522,1435997158611,254.0
9523,1435997158631,254.0
9524,1435997158651,253.0
9525,1435997158672,293.0
9526,1435997158692,293.0
9527,1435997158712,267.0
9528,1435997158731,267.0
9529,1435997158751,253.0
9530,1435997158772,253.0
9531,1435997158791,289.0
9532,1435997158811,289.0
9533,1435997158832,375.0
9534,1435997158851,375.0
9535,1435997158871,425.0
9536,1435997158891,429.0
9537,1435997158912,429.0
9538,1435997158932,355.0
9539,1435997158952,355.0
9540,1435997158972,284.0
9541,1435997158992,284.0
9542,1435997159012,260.0
9543,1435997159032,260.0
9544,1435997159052,263.0
9545,1435997159073,263.0
9546,1435997159094,299.0
9547,1435997159134,316.0
9548,1435997159135,316.0
9549,1435997159153,282.0
9550,1435997159173,282.0
9551,1435997159196,280.0
9552,1435997159213,280.0
9553,1435997159235,283.0
9554,1435997159253,283.0
9555,1435997159275,277.0
9556,1435997159297,277.0
9557,1435997159316,267.0
9558,1435997159335,275.0
9559,1435997159354,275.0
9560,1435997159374,277.0
9561,1435997159395,277.0
9562,1435997159415,268.0
9563,1435997159435,268.0
9564,1435997159457,273.0
9565,1435997159476,273.0
9566,1435997159499,273.0
9567,1435997159516,273.0
9568,1435997159536,273.0
9569,1435997159557,274.0
9570,1435997159576,274.0
9571,1435997159599,276.0
9572,1435997159619,276.0
9573,1435997159639,277.0
9574,1435997159661,277.0
9575,1435997159676,279.0
9576,1435997159697,279.0
9577,1435997159714,279.0
9578,1435997159734,286.0
9579,1435997159754,286.0
9580,1435997159831,288.0
9581,1435997159832,288.0
9582,1435997159833,291.0
9583,1435997159834,291.0
9584,1435997159876,289.0
9585,1435997159877,289.0
9586,1435997159901,283.0
9587,1435997159915,283.0
9588,1435997159937,280.0
9589,1435997159982,283.0
9590,1435997159983,283.0
9591,1435997160000,280.0
9592,1435997160020,280.0
9593,1435997160061,278.0
9594,1435997160062,278.0
9595,1435997160076,273.0
9596,1435997160094,273.0
9597,1435997160116,269.0
9598,1435997160137,269.0
9599,1435997160157,271.0
9600,1435997160177,273.0
9601,1435997160196,273.0
9602,1435997160215,278.0
9603,1435997160234,278.0
9604,1435997160255,280.0
9605,1435997160274,280.0
9606,1435997160295,281.0
9607,1435997160315,281.0
9608,1435997160334,281.0
9609,1435997160354,281.0
9610,1435997160374,289.0
9611,1435997160393,282.0
9612,1435997160413,282.0
9613,1435997160434,273.0
9614,1435997160454,273.0
9615,1435997160474,280.0
9616,1435997160494,280.0
9617,1435997160514,283.0
9618,1435997160534,283.0
9619,1435997160554,276.0
9620,1435997160574,273.0
9621,1435997160596,273.0
9622,1435997160614,280.0
9623,1435997160634,280.0
9624,1435997160654,278.0
9625,1435997160674,278.0
9626,1435997160694,269.0
9627,1435997160713,269.0
9628,1435997160733,268.0
9629,1435997160753,268.0
9630,1435997160773,268.0
9631,1435997160793,268.0
9632,1435997160813,268.0
9633,1435997160833,274.0
9634,1435997160853,274.0
9635,1435997160873,280.0
9636,1435997160893,280.0
9637,1435997160913,283.0
9638,1435997160933,283.0
9639,1435997160954,291.0
9640,1435997160974,291.0
9641,1435997160994,287.0
9642,1435997161014,283.0
9643,1435997161034,283.0
9644,1435997161054,281.0
9645,1435997161074,281.0
9646,1435997161094,284.0
9647,1435997161114,284.0
9648,1435997161134,281.0
9649,1435997161154,281.0
9650,1435997161174,278.0
9651,1435997161194,278.0
9652,1435997161214,273.0
9653,1435997161234,271.0
9654,1435997161254,271.0
9655,1435997161274,271.0
9656,1435997161294,271.0
9657,1435997161314,271.0
9658,1435997161334,271.0
9659,1435997161354,275.0
9660,1435997161374,275.0
9661,1435997161394,276.0
9662,1435997161414,273.0
9663,1435997161434,273.0
9664,1435997161454,269.0
9665,1435997161474,269.0
9666,1435997161494,272.0
9667,1435997161514,272.0
9668,1435997161534,264.0
9669,1435997161554,264.0
9670,1435997161574,258.0
9671,1435997161594,258.0
9672,1435997161614,254.0
9673,1435997161634,254.0
9674,1435997161654,254.0
9675,1435997161674,254.0
9676,1435997161694,254.0
9677,1435997161714,255.0
9678,1435997161735,255.0
9679,1435997161756,257.0
9680,1435997161774,257.0
9681,1435997161794,257.0
9682,1435997161814,257.0
9683,1435997161834,254.0
9684,1435997161854,252.0
9685,1435997161874,252.0
9686,1435997161895,250.0
9687,1435997161915,250.0
9688,1435997161935,254.0
9689,1435997161955,254.0
9690,1435997161975,265.0
9691,1435997161995,265.0
9692,1435997162015,274.0
9693,1435997162035,274.0
9694,1435997162055,290.0
9695,1435997162075,290.0
9696,1435997162095,290.0
9697,1435997162115,303.0
9698,1435997162135,303.0
9699,1435997162155,298.0
9700,1435997162175,298.0
9701,1435997162195,302.0
9702,1435997162215,302.0
9703,1435997162235,289.0
9704,1435997162255,274.0
9705,1435997162275,274.0
9706,1435997162295,274.0
9707,1435997162315,274.0
9708,1435997162335,275.0
9709,1435997162355,275.0
9710,1435997162375,276.0
9711,1435997162395,276.0
9712,1435997162415,283.0
9713,1435997162436,283.0
9714,1435997162455,299.0
9715,1435997162475,298.0
9716,1435997162495,298.0
9717,1435997162515,299.0
9718,1435997162535,299.0
9719,1435997162555,297.0
9720,1435997162575,297.0
9721,1435997162595,306.0
9722,1435997162615,306.0
9723,1435997162635,304.0
9724,1435997162655,304.0
9725,1435997162675,297.0
9726,1435997162696,291.0
9727,1435997162716,291.0
9728,1435997162736,289.0
9729,1435997162756,289.0
9730,1435997162776,291.0
9731,1435997162796,291.0
9732,1435997162816,295.0
9733,1435997162836,295.0
9734,1435997162856,299.0
9735,1435997162876,299.0
9736,1435997162896,298.0
9737,1435997162916,297.0
9738,1435997162936,297.0
9739,1435997162956,295.0
9740,1435997162976,295.0
9741,1435997162996,301.0
9742,1435997163016,301.0
9743,1435997163036,320.0
9744,1435997163056,320.0
9745,1435997163076,316.0
9746,1435997163096,322.0
9747,1435997163116,322.0
9748,1435997163136,364.0
9749,1435997163156,364.0
9750,1435997163176,354.0
9751,1435997163196,354.0
9752,1435997163216,342.0
9753,1435997163236,342.0
9754,1435997163256,350.0
9755,1435997163276,350.0
9756,1435997163296,350.0
9757,1435997163328,353.0
9758,1435997163336,353.0
9759,1435997163356,337.0
9760,1435997163376,337.0
9761,1435997163396,338.0
9762,1435997163416,338.0
9763,1435997163436,333.0
9764,1435997163456,333.0
9765,1435997163476,336.0
9766,1435997163496,336.0
9767,1435997163516,344.0
9768,1435997163536,354.0
9769,1435997163557,354.0
9770,1435997163577,364.0
9771,1435997163597,364.0
9772,1435997163618,372.0
9773,1435997163639,372.0
9774,1435997163658,368.0
9775,1435997163679,368.0
9776,1435997163697,409.0
9777,1435997163719,409.0
9778,1435997163740,391.0
9779,1435997163759,365.0
9780,1435997163780,365.0
9781,1435997163799,358.0
9782,1435997163820,358.0
9783,1435997163839,359.0
9784,1435997163858,359.0
9785,1435997163884,355.0
9786,1435997163962,355.0
9787,1435997163963,355.0
9788,1435997163964,373.0
9789,1435997163965,373.0
9790,1435997163986,379.0
9791,1435997163999,379.0
9792,1435997164020,371.0
9793,1435997164038,371.0
9794,1435997164058,405.0
9795,1435997164077,405.0
9796,1435997164099,382.0
9797,1435997164119,382.0
9798,1435997164140,382.0
9799,1435997164157,387.0
9800,1435997164180,387.0
9801,1435997164199,391.0
9802,1435997164218,391.0
9803,1435997164238,398.0
9804,1435997164259,398.0
9805,1435997164280,419.0
9806,1435997164299,419.0
9807,1435997164325,412.0
9808,1435997164342,412.0
9809,1435997164360,414.0
9810,1435997164380,414.0
9811,1435997164398,414.0
9812,1435997164419,426.0
9813,1435997164439,426.0
9814,1435997164459,473.0
9815,1435997164478,473.0
9816,1435997164501,469.0
9817,1435997164521,469.0
9818,1435997164541,409.0
9819,1435997164561,421.0
9820,1435997164586,421.0
9821,1435997164645,453.0
9822,1435997164646,453.0
9823,1435997164647,592.0
9824,1435997164668,592.0
9825,1435997164679,493.0
9826,1435997164700,493.0
9827,1435997164719,448.0
9828,1435997164739,448.0
9829,1435997164759,455.0
9830,1435997164779,777.0
9831,1435997164801,777.0
9832,1435997164823,768.0
9833,1435997164840,768.0
9834,1435997164859,516.0
9835,1435997164882,516.0
9836,1435997164902,704.0
9837,1435997164921,704.0
9838,1435997164939,763.0
9839,1435997164960,763.0
9840,1435997164979,708.0
9841,1435997164999,659.0
9842,1435997165020,659.0
9843,1435997165041,624.0
9844,1435997165061,624.0
9845,1435997165081,549.0
9846,1435997165106,549.0
9847,1435997165187,455.0
9848,1435997165188,455.0
9849,1435997165189,451.0
9850,1435997165190,451.0
9851,1435997165199,448.0
9852,1435997165219,456.0
9853,1435997165239,456.0
9854,1435997165259,560.0
9855,1435997165279,560.0
9856,1435997165299,1888.0
9857,1435997165346,1888.0
9858,1435997165347,5201.0
9859,1435997165371,5201.0
9860,1435997165382,11904.0
9861,1435997165399,23100.0
9862,1435997165421,5097.0
9863,1435997165443,2305.0
9864,1435997165459,2305.0
9865,1435997165479,1701.0
9866,1435997165502,1701.0
9867,1435997165521,1169.0
9868,1435997165545,1169.0
9869,1435997165559,777.0
9870,1435997165580,777.0
9871,1435997165599,567.0
9872,1435997165623,504.0
9873,1435997165640,504.0
9874,1435997165660,536.0
9875,1435997165680,536.0
9876,1435997165698,506.0
9877,1435997165720,506.0
9878,1435997165740,520.0
9879,1435997165760,520.0
9880,1435997165783,534.0
9881,1435997165803,534.0
9882,1435997165821,519.0
9883,1435997165840,511.0
9884,1435997165859,511.0
9885,1435997165879,503.0
9886,1435997165901,503.0
9887,1435997165921,504.0
9888,1435997165943,504.0
9889,1435997165963,520.0
9890,1435997165981,520.0
9891,1435997166000,512.0
9892,1435997166020,512.0
9893,1435997166039,507.0
9894,1435997166060,507.0
9895,1435997166079,507.0
9896,1435997166100,507.0
9897,1435997166123,507.0
9898,1435997166140,509.0
9899,1435997166159,509.0
9900,1435997166182,517.0
9901,1435997166200,517.0
9902,1435997166223,530.0
9903,1435997166248,530.0
9904,1435997166264,530.0
9905,1435997166283,525.0
9906,1435997166302,525.0
9907,1435997166320,516.0
9908,1435997166341,516.0
9909,1435997166364,511.0
9910,1435997166380,511.0
9911,1435997166402,513.0
9912,1435997166420,513.0
9913,1435997166442,515.0
9914,1435997166461,538.0
9915,1435997166484,538.0
9916,1435997166503,545.0
9917,1435997166533,545.0
9918,1435997166543,530.0
9919,1435997166564,530.0
9920,1435997166589,523.0
9921,1435997166608,523.0
9922,1435997166636,527.0
9923,1435997166710,527.0
9924,1435997166711,533.0
9925,1435997166712,516.0
9926,1435997166713,516.0
9927,1435997166722,514.0
9928,1435997166741,514.0
9929,1435997166761,516.0
9930,1435997166781,516.0
9931,1435997166801,519.0
9932,1435997166823,519.0
9933,1435997166841,528.0
9934,1435997166864,528.0
9935,1435997166882,541.0
9936,1435997166901,568.0
9937,1435997166921,568.0
9938,1435997166944,569.0
9939,1435997166964,569.0
9940,1435997166984,568.0
9941,1435997167004,568.0
9942,1435997167025,587.0
9943,1435997167045,587.0
9944,1435997167064,573.0
9945,1435997167082,569.0
9946,1435997167102,569.0
9947,1435997167124,575.0
9948,1435997167144,575.0
9949,1435997167162,566.0
9950,1435997167183,566.0
9951,1435997167203,560.0
9952,1435997167227,560.0
9953,1435997167248,562.0
9954,1435997167268,562.0
9955,1435997167285,567.0
9956,1435997167304,560.0
9957,1435997167323,560.0
9958,1435997167343,560.0
9959,1435997167361,560.0
9960,1435997167476,564.0
9961,1435997167477,564.0
9962,1435997167478,569.0
9963,1435997167479,569.0
9964,1435997167480,563.0
9965,1435997167589,563.0
9966,1435997167590,564.0
9967,1435997167591,605.0
9968,1435997167592,605.0
9969,1435997167593,620.0
9970,1435997167638,620.0
9971,1435997167639,741.0
9972,1435997167640,741.0
9973,1435997167645,1047.0
9974,1435997167687,1047.0
9975,1435997167697,1020.0
9976,1435997167701,1020.0
9977,1435997167721,890.0
9978,1435997167741,665.0
9979,1435997167761,665.0
9980,1435997167781,597.0
9981,1435997167802,597.0
9982,1435997167823,562.0
9983,1435997167841,562.0
9984,1435997167861,545.0
9985,1435997167882,545.0
9986,1435997167901,562.0
9987,1435997167921,580.0
9988,1435997167941,580.0
9989,1435997167961,586.0
9990,1435997167981,586.0
9991,1435997168001,618.0
9992,1435997168021,618.0
9993,1435997168041,922.0
9994,1435997168061,922.0
9995,1435997168081,2956.0
9996,1435997168101,2956.0
9997,1435997168121,9127.0
9998,1435997168141,9291.0
9999,1435997168161,9291.0
10000,1435997168184,4343.0
10001,1435997168230,4343.0
10002,1435997168231,1944.0
10003,1435997168242,1944.0
10004,1435997168262,1004.0
10005,1435997168283,1004.0
10006,1435997168302,882.0
10007,1435997168321,882.0
10008,1435997168343,667.0
10009,1435997168362,781.0
10010,1435997168381,781.0
10011,1435997168401,1264.0
10012,1435997168424,1264.0
10013,1435997168441,5172.0
10014,1435997168464,5172.0
10015,1435997168483,8721.0
10016,1435997168505,8721.0
10017,1435997168525,8965.0
10018,1435997168543,8965.0
10019,1435997168565,8655.0
10020,1435997168585,8521.0
10021,1435997168607,8521.0
10022,1435997168623,8472.0
10023,1435997168645,8472.0
10024,1435997168672,9094.0
10025,1435997168690,9094.0
10026,1435997168702,9117.0
10027,1435997168763,9117.0
10028,1435997168764,6926.0
10029,1435997168765,8961.0
10030,1435997168784,5420.0
10031,1435997168806,4314.0
10032,1435997168826,4314.0
10033,1435997168845,3331.0
10034,1435997168867,3331.0
10035,1435997168907,3135.0
10036,1435997168908,3135.0
10037,1435997168943,2812.0
10038,1435997168944,2812.0
10039,1435997168963,2752.0
10040,1435997170293,2682.0
10041,1435997170294,2682.0
10042,1435997170295,2588.0
10043,1435997170296,2588.0
10044,1435997170297,2650.0
10045,1435997170298,2650.0
10046,1435997170299,1526.0
10047,1435997170300,1526.0
10048,1435997170301,427.0
10049,1435997170302,427.0
10050,1435997170303,398.0
10051,1435997170304,473.0
10052,1435997170305,473.0
10053,1435997170306,318.0
10054,1435997170307,318.0
10055,1435997170308,303.0
10056,1435997170309,303.0
10057,1435997170310,277.0
10058,1435997170311,277.0
10059,1435997170312,267.0
10060,1435997170313,267.0
10061,1435997170314,254.0
10062,1435997170315,244.0
10063,1435997170316,244.0
10064,1435997170317,232.0
10065,1435997170318,232.0
10066,1435997170319,223.0
10067,1435997170320,223.0
10068,1435997170321,220.0
10069,1435997170322,220.0
10070,1435997170323,208.0
10071,1435997170324,196.0
10072,1435997170325,196.0
10073,1435997170326,196.0
10074,1435997170327,196.0
10075,1435997170328,200.0
10076,1435997170329,200.0
10077,1435997170330,224.0
10078,1435997170331,224.0
10079,1435997170332,214.0
10080,1435997170333,214.0
10081,1435997170334,192.0
10082,1435997170335,187.0
10083,1435997170336,187.0
10084,1435997170337,206.0
10085,1435997170338,206.0
10086,1435997170339,177.0
10087,1435997170340,177.0
10088,1435997170341,162.0
10089,1435997170342,162.0
10090,1435997170343,165.0
10091,1435997170344,165.0
10092,1435997170345,392.0
10093,1435997170346,425.0
10094,1435997170347,425.0
10095,1435997170348,217.0
10096,1435997170349,217.0
10097,1435997170350,127.0
10098,1435997170351,127.0
10099,1435997170352,119.0
10100,1435997170353,119.0
10101,1435997170354,117.0
10102,1435997170355,117.0
10103,1435997170356,121.0
10104,1435997170357,125.0
10105,1435997170358,125.0
10106,1435997170359,127.0
10107,1435997170360,127.0
10108,1435997170361,124.0
10109,1435997170363,124.0
10110,1435997170383,122.0
10111,1435997170403,122.0
10112,1435997170423,119.0
10113,1435997170443,121.0
10114,1435997170463,121.0
10115,1435997170484,120.0
10116,1435997170503,120.0
10117,1435997170526,117.0
10118,1435997170544,117.0
10119,1435997170567,124.0
10120,1435997170584,124.0
10121,1435997170604,124.0
10122,1435997170625,124.0
10123,1435997170643,128.0
10124,1435997170664,133.0
10125,1435997170688,133.0
10126,1435997170709,123.0
10127,1435997170730,123.0
10128,1435997170747,125.0
10129,1435997170765,125.0
10130,1435997170785,125.0
10131,1435997170805,125.0
10132,1435997170834,127.0
10133,1435997170894,127.0
10134,1435997170895,129.0
10135,1435997170896,130.0
10136,1435997170914,130.0
10137,1435997170925,130.0
10138,1435997170947,130.0
10139,1435997170965,128.0
10140,1435997170985,128.0
10141,1435997171005,129.0
10142,1435997171026,129.0
10143,1435997171046,130.0
10144,1435997171069,130.0
10145,1435997171086,131.0
10146,1435997171105,129.0
10147,1435997171126,129.0
10148,1435997171148,127.0
10149,1435997171169,127.0
10150,1435997171188,128.0
10151,1435997171207,128.0
10152,1435997171227,131.0
10153,1435997171246,131.0
10154,1435997171265,129.0
10155,1435997171285,130.0
10156,1435997171307,130.0
10157,1435997171326,130.0
10158,1435997171348,130.0
10159,1435997171368,133.0
10160,1435997171387,133.0
10161,1435997171407,136.0
10162,1435997171428,136.0
10163,1435997171448,134.0
10164,1435997171469,134.0
10165,1435997171488,134.0
10166,1435997171506,133.0
10167,1435997171525,133.0
10168,1435997171546,133.0
10169,1435997171566,133.0
10170,1435997171634,133.0
10171,1435997171635,133.0
10172,1435997171636,135.0
10173,1435997171656,135.0
10174,1435997171667,133.0
10175,1435997171686,133.0
10176,1435997171706,132.0
10177,1435997171725,137.0
10178,1435997171750,137.0
10179,1435997171767,138.0
10180,1435997171786,138.0
10181,1435997171806,137.0
10182,1435997171827,137.0
10183,1435997171846,139.0
10184,1435997171866,139.0
10185,1435997171889,140.0
10186,1435997171908,140.0
10187,1435997171927,139.0
10188,1435997171946,138.0
10189,1435997171966,138.0
10190,1435997171986,142.0
10191,1435997172007,142.0
10192,1435997172027,144.0
10193,1435997172049,144.0
10194,1435997172067,143.0
10195,1435997172089,143.0
10196,1435997172108,142.0
10197,1435997172127,144.0
10198,1435997172146,144.0
10199,1435997172166,142.0
10200,1435997172188,142.0
10201,1435997172209,140.0
10202,1435997172226,140.0
10203,1435997172247,135.0
10204,1435997172267,135.0
10205,1435997172288,136.0
10206,1435997172317,136.0
10207,1435997172376,136.0
10208,1435997172377,133.0
10209,1435997172379,133.0
10210,1435997172396,131.0
10211,1435997172406,131.0
10212,1435997172428,130.0
10213,1435997172448,130.0
10214,1435997172466,131.0
10215,1435997172486,131.0
10216,1435997172507,133.0
10217,1435997172526,133.0
10218,1435997172547,135.0
10219,1435997172567,136.0
10220,1435997172589,136.0
10221,1435997172608,135.0
10222,1435997172628,135.0
10223,1435997172647,135.0
10224,1435997172666,135.0
10225,1435997172686,137.0
10226,1435997172707,137.0
10227,1435997172726,138.0
10228,1435997172748,138.0
10229,1435997172768,139.0
10230,1435997172793,140.0
10231,1435997172808,140.0
10232,1435997172828,144.0
10233,1435997172848,144.0
10234,1435997172867,147.0
10235,1435997172886,147.0
10236,1435997172906,155.0
10237,1435997172928,155.0
10238,1435997172949,162.0
10239,1435997172968,169.0
10240,1435997172987,169.0
10241,1435997173007,178.0
10242,1435997173027,178.0
10243,1435997173061,191.0
10244,1435997173110,191.0
10245,1435997173111,208.0
10246,1435997173112,208.0
10247,1435997173137,219.0
10248,1435997173147,219.0
10249,1435997173175,229.0
10250,1435997173187,235.0
10251,1435997173209,235.0
10252,1435997173228,252.0
10253,1435997173247,252.0
10254,1435997173267,448.0
10255,1435997173288,448.0
10256,1435997173308,616.0
10257,1435997173353,616.0
10258,1435997173354,820.0
10259,1435997173369,820.0
10260,1435997173388,1478.0
10261,1435997173408,788.0
10262,1435997173428,788.0
10263,1435997173447,614.0
10264,1435997173467,614.0
10265,1435997173489,762.0
10266,1435997173510,762.0
10267,1435997173528,371.0
10268,1435997173548,371.0
10269,1435997173568,376.0
10270,1435997173588,376.0
10271,1435997173608,380.0
10272,1435997173628,388.0
10273,1435997173648,388.0
10274,1435997173668,461.0
10275,1435997173687,461.0
10276,1435997173707,454.0
10277,1435997173730,454.0
10278,1435997173750,414.0
10279,1435997173869,414.0
10280,1435997173877,410.0
10281,1435997173878,429.0
10282,1435997173879,429.0
10283,1435997173880,451.0
10284,1435997173881,451.0
10285,1435997173921,474.0
10286,1435997173922,474.0
10287,1435997173928,526.0
10288,1435997173947,526.0
10289,1435997173970,507.0
10290,1435997173992,507.0
10291,1435997174030,528.0
10292,1435997174031,535.0
10293,1435997174062,535.0
10294,1435997174069,557.0
10295,1435997174088,557.0
10296,1435997174108,576.0
10297,1435997174128,576.0
10298,1435997174149,596.0
10299,1435997174168,596.0
10300,1435997174189,654.0
10301,1435997174210,654.0
10302,1435997174230,1160.0
10303,1435997174248,6980.0
10304,1435997174268,6980.0
10305,1435997174292,11720.0
10306,1435997174309,11720.0
10307,1435997174328,12434.0
10308,1435997174349,12434.0
10309,1435997174371,12772.0
10310,1435997174390,12772.0
10311,1435997174410,12672.0
10312,1435997174430,12672.0
10313,1435997174450,12514.0
10314,1435997174468,12212.0
10315,1435997174488,12212.0
10316,1435997174512,11188.0
10317,1435997174529,11188.0
10318,1435997174574,13024.0
10319,1435997174575,13024.0
10320,1435997174595,12029.0
10321,1435997174609,12029.0
10322,1435997174628,12210.0
10323,1435997174648,11365.0
10324,1435997174668,12390.0
10325,1435997174689,12125.0
10326,1435997174709,12125.0
10327,1435997174729,11716.0
10328,1435997174753,11716.0
10329,1435997174771,13234.0
10330,1435997174789,13234.0
10331,1435997174808,15034.0
10332,1435997174828,15034.0
10333,1435997174849,12533.0
10334,1435997174873,13314.0
10335,1435997174892,13314.0
10336,1435997174911,14022.0
10337,1435997174936,14022.0
10338,1435997174951,15105.0
10339,1435997174973,15105.0
10340,1435997174990,14355.0
10341,1435997175009,14355.0
10342,1435997175030,12823.0
10343,1435997175071,12823.0
10344,1435997175072,13046.0
10345,1435997175141,13584.0
10346,1435997175142,13584.0
10347,1435997175143,13502.0
10348,1435997175159,13502.0
10349,1435997175169,13000.0
10350,1435997175189,13000.0
10351,1435997175209,13486.0
10352,1435997175241,13486.0
10353,1435997175251,14823.0
10354,1435997175269,14823.0
10355,1435997175289,14125.0
10356,1435997175309,13375.0
10357,1435997175329,13375.0
10358,1435997175350,14051.0
10359,1435997175383,14051.0
10360,1435997175402,0.0
10361,1435997175409,14502.0
10362,1435997175429,14502.0
10363,1435997175449,14157.0
10364,1435997175469,14157.0
10365,1435997175489,13991.0
10366,1435997175509,13991.0
10367,1435997175529,14917.0
10368,1435997175549,14917.0
10369,1435997175571,16185.0
10370,1435997175589,0.0
10371,1435997175609,13436.0
10372,1435997175629,13436.0
10373,1435997175649,13254.0
10374,1435997175672,13254.0
10375,1435997175693,13792.0
10376,1435997175711,13792.0
10377,1435997175731,14492.0
10378,1435997175749,14492.0
10379,1435997175769,13680.0
10380,1435997175789,0.0
10381,1435997175809,13232.0
10382,1435997175833,13232.0
10383,1435997175852,13347.0
10384,1435997175871,13347.0
10385,1435997175890,12809.0
10386,1435997175911,12809.0
10387,1435997175929,12729.0
10388,1435997175949,12729.0
10389,1435997175968,13390.0
10390,1435997175990,13329.0
10391,1435997176010,13182.0
10392,1435997176030,13071.0
10393,1435997176050,13071.0
10394,1435997176071,13110.0
10395,1435997176089,13110.0
10396,1435997176109,13506.0
10397,1435997176128,13506.0
10398,1435997176148,14714.0
10399,1435997176174,14714.0
10400,1435997176192,13429.0
10401,1435997176209,13080.0
10402,1435997176231,13080.0
10403,1435997176253,12924.0
10404,1435997176271,12924.0
10405,1435997176293,13833.0
10406,1435997176314,13833.0
10407,1435997176331,12808.0
10408,1435997176350,12808.0
10409,1435997176369,12910.0
10410,1435997176394,12910.0
10411,1435997176414,12755.0
10412,1435997176434,13348.0
10413,1435997176453,13348.0
10414,1435997176474,12774.0
10415,1435997176491,12774.0
10416,1435997176509,12426.0
10417,1435997176530,12426.0
10418,1435997176582,13652.0
10419,1435997176583,13652.0
10420,1435997176594,12772.0
10421,1435997176614,12772.0
10422,1435997176630,12144.0
10423,1435997176650,12290.0
10424,1435997176671,12290.0
10425,1435997176693,12468.0
10426,1435997176711,12468.0
10427,1435997176731,13458.0
10428,1435997176752,13458.0
10429,1435997176774,13171.0
10430,1435997176792,13171.0
10431,1435997176811,12879.0
10432,1435997176830,12543.0
10433,1435997176852,13458.0
10434,1435997176874,15587.0
10435,1435997176893,15587.0
10436,1435997176914,14381.0
10437,1435997176933,14381.0
10438,1435997176954,13155.0
10439,1435997176973,13155.0
10440,1435997176992,14030.0
10441,1435997177012,14030.0
10442,1435997177031,0.0
10443,1435997177053,13553.0
10444,1435997177076,13553.0
10445,1435997177095,13965.0
10446,1435997177114,13965.0
10447,1435997177131,13905.0
10448,1435997177151,13905.0
10449,1435997177176,13678.0
10450,1435997177194,13678.0
10451,1435997177221,13772.0
10452,1435997177294,0.0
10453,1435997177295,13230.0
10454,1435997177296,13230.0
10455,1435997177297,13718.0
10456,1435997177314,13718.0
10457,1435997177337,16107.0
10458,1435997177352,16107.0
10459,1435997177371,14073.0
10460,1435997177391,14073.0
10461,1435997177415,13854.0
10462,1435997177436,14579.0
10463,1435997177452,14814.0
10464,1435997177479,0.0
10465,1435997177494,13755.0
10466,1435997177515,13755.0
10467,1435997177533,14614.0
10468,1435997177552,14614.0
10469,1435997177571,15555.0
10470,1435997177593,15555.0
10471,1435997177614,14549.0
10472,1435997177634,14549.0
10473,1435997177655,14938.0
10474,1435997177674,0.0
10475,1435997177692,14165.0
10476,1435997177715,14165.0
10477,1435997177734,13999.0
10478,1435997177753,13999.0
10479,1435997177771,13387.0
10480,1435997177794,13387.0
10481,1435997177816,13649.0
10482,1435997177837,13649.0
10483,1435997177855,14043.0
10484,1435997177874,0.0
10485,1435997177895,13099.0
10486,1435997177914,13099.0
10487,1435997177941,13978.0
10488,1435997178002,13978.0
10489,1435997178003,12933.0
10490,1435997178004,12933.0
10491,1435997178037,13000.0
10492,1435997178038,13000.0
10493,1435997178055,13014.0
10494,1435997178076,12984.0
10495,1435997178103,13056.0
10496,1435997178115,13597.0
10497,1435997178133,13597.0
10498,1435997178155,14451.0
10499,1435997178173,14451.0
10500,1435997178193,14290.0
10501,1435997178213,14290.0
10502,1435997178232,13905.0
10503,1435997178253,13905.0
10504,1435997178275,13919.0
10505,1435997178296,13704.0
10506,1435997178315,0.0
10507,1435997178336,13950.0
10508,1435997178355,13950.0
10509,1435997178374,14041.0
10510,1435997178392,14041.0
10511,1435997178412,15051.0
10512,1435997178432,15051.0
10513,1435997178453,13360.0
10514,1435997178474,13360.0
10515,1435997178495,13463.0
10516,1435997178514,0.0
10517,1435997178535,13831.0
10518,1435997178555,13831.0
10519,1435997178574,13748.0
10520,1435997178594,13748.0
10521,1435997178613,14199.0
10522,1435997178635,14199.0
10523,1435997178654,13911.0
10524,1435997178674,13911.0
10525,1435997178694,14294.0
10526,1435997178722,0.0
10527,1435997178787,15920.0
10528,1435997178788,15920.0
10529,1435997178789,15391.0
10530,1435997178797,15391.0
10531,1435997178814,15021.0
10532,1435997178833,15021.0
10533,1435997178852,14665.0
10534,1435997178874,14665.0
10535,1435997178893,13750.0
10536,1435997178913,0.0
10537,1435997178938,14180.0
10538,1435997178955,14180.0
10539,1435997178977,13692.0
10540,1435997178995,13692.0
10541,1435997179014,13520.0
10542,1435997179033,13520.0
10543,1435997179054,13839.0
10544,1435997179076,13839.0
10545,1435997179094,14205.0
10546,1435997179115,0.0
10547,1435997179135,13165.0
10548,1435997179158,13165.0
10549,1435997179176,13939.0
10550,1435997179195,13939.0
10551,1435997179213,13731.0
10552,1435997179234,13731.0
10553,1435997179253,13871.0
10554,1435997179274,13871.0
10555,1435997179292,15367.0
10556,1435997179313,14598.0
10557,1435997179335,14330.0
10558,1435997179353,0.0
10559,1435997179374,13615.0
10560,1435997179394,13615.0
10561,1435997179413,14357.0
10562,1435997179436,14357.0
10563,1435997179527,13159.0
10564,1435997179528,13159.0
10565,1435997179529,13688.0
10566,1435997179530,13688.0
10567,1435997179537,13639.0
10568,1435997179556,13920.0
10569,1435997179575,13538.0
10570,1435997179593,13660.0
10571,1435997179626,13660.0
10572,1435997179633,13169.0
10573,1435997179654,13169.0
10574,1435997179677,0.0
10575,1435997179696,13528.0
10576,1435997179715,13528.0
10577,1435997179733,14129.0
10578,1435997179753,14129.0
10579,1435997179775,14681.0
10580,1435997179794,14681.0
10581,1435997179813,15033.0
10582,1435997179833,15033.0
10583,1435997179854,14779.0
10584,1435997179875,0.0
10585,1435997179897,15707.0
10586,1435997179913,15707.0
10587,1435997179934,14536.0
10588,1435997179953,14536.0
10589,1435997179975,14305.0
10590,1435997179994,14305.0
10591,1435997180015,14319.0
10592,1435997180034,14319.0
10593,1435997180078,14461.0
10594,1435997180079,0.0
10595,1435997180094,13798.0
10596,1435997180116,13798.0
10597,1435997180134,14026.0
10598,1435997180166,14026.0
10599,1435997180185,14071.0
10600,1435997180196,14071.0
10601,1435997180213,14152.0
10602,1435997180232,14152.0
10603,1435997180253,13739.0
10604,1435997180278,0.0
10605,1435997180292,14179.0
10606,1435997180312,14179.0
10607,1435997180332,14544.0
10608,1435997180352,14544.0
10609,1435997180372,14445.0
10610,1435997180392,14445.0
10611,1435997180412,15699.0
10612,1435997180432,15699.0
10613,1435997180453,15536.0
10614,1435997180472,0.0
10615,1435997180492,14614.0
10616,1435997180512,14614.0
10617,1435997180532,14165.0
10618,1435997180552,14165.0
10619,1435997180572,15505.0
10620,1435997180594,15505.0
10621,1435997180615,15575.0
10622,1435997180634,15575.0
10623,1435997180655,14636.0
10624,1435997180674,0.0
10625,1435997180694,14123.0
10626,1435997180715,14123.0
10627,1435997180736,13900.0
10628,1435997180754,13900.0
10629,1435997180782,15251.0
10630,1435997180812,15251.0
10631,1435997180815,15158.0
10632,1435997180834,15158.0
10633,1435997180854,14821.0
10634,1435997180874,13902.0
10635,1435997180896,14809.0
10636,1435997180915,14925.0
10637,1435997180934,14925.0
10638,1435997180954,14985.0
10639,1435997180975,14985.0
10640,1435997180995,16437.0
10641,1435997181017,16437.0
10642,1435997181035,16456.0
10643,1435997181058,16456.0
10644,1435997181076,15022.0
10645,1435997181095,15711.0
10646,1435997181114,15711.0
10647,1435997181135,15078.0
10648,1435997181157,15078.0
10649,1435997181176,14182.0
10650,1435997181199,14182.0
10651,1435997181217,14991.0
10652,1435997181237,14991.0
10653,1435997181257,14085.0
10654,1435997181277,14085.0
10655,1435997181298,15277.0
10656,1435997181317,14030.0
10657,1435997181337,14030.0
10658,1435997181358,14262.0
10659,1435997181377,14262.0
10660,1435997181396,13640.0
10661,1435997181415,13640.0
10662,1435997181441,13810.0
10663,1435997181516,13810.0
10664,1435997181520,14883.0
10665,1435997181521,14883.0
10666,1435997181524,14447.0
10667,1435997181536,15276.0
10668,1435997181582,15276.0
10669,1435997181583,14479.0
10670,1435997181596,14479.0
10671,1435997181637,13625.0
10672,1435997181654,13625.0
10673,1435997181655,15151.0
10674,1435997181686,15151.0
10675,1435997181696,14237.0
10676,1435997181718,13751.0
10677,1435997181737,14568.0
10678,1435997181756,14092.0
10679,1435997181775,14092.0
10680,1435997181795,14102.0
10681,1435997181815,14102.0
10682,1435997181836,13653.0
10683,1435997181857,13653.0
10684,1435997181877,13930.0
10685,1435997181898,13930.0
10686,1435997181953,14892.0
10687,1435997181954,14781.0
10688,1435997181955,14781.0
10689,1435997181986,17058.0
10690,1435997181995,17058.0
10691,1435997182017,14299.0
10692,1435997182037,14299.0
10693,1435997182056,15934.0
10694,1435997182075,15934.0
10695,1435997182097,15477.0
10696,1435997182120,15477.0
10697,1435997182135,14770.0
10698,1435997182155,14729.0
10699,1435997182176,14729.0
10700,1435997182203,14329.0
10701,1435997182259,14329.0
10702,1435997182260,13434.0
10703,1435997182261,13434.0
10704,1435997182278,13789.0
10705,1435997183524,13789.0
10706,1435997183525,15181.0
10707,1435997183526,15181.0
10708,1435997183527,13732.0
10709,1435997183528,13916.0
10710,1435997183529,13916.0
10711,1435997183530,14101.0
10712,1435997183531,14101.0
10713,1435997183532,14188.0
10714,1435997183533,14188.0
10715,1435997183534,15530.0
10716,1435997183535,15530.0
10717,1435997183536,14347.0
10718,1435997183537,12744.0
10719,1435997183538,14699.0
10720,1435997183539,15158.0
10721,1435997183540,15158.0
10722,1435997183541,15263.0
10723,1435997183542,15263.0
10724,1435997183543,13863.0
10725,1435997183544,13863.0
10726,1435997183545,13944.0
10727,1435997183546,13944.0
10728,1435997183547,14471.0
10729,1435997183548,14405.0
10730,1435997183549,14405.0
10731,1435997183550,14238.0
10732,1435997183551,14238.0
10733,1435997183552,13592.0
10734,1435997183553,13592.0
10735,1435997183554,13877.0
10736,1435997183555,13877.0
10737,1435997183556,13841.0
10738,1435997183557,13841.0
10739,1435997183558,14264.0
10740,1435997183559,14995.0
10741,1435997183560,14995.0
10742,1435997183561,14682.0
10743,1435997183562,14682.0
10744,1435997183563,14719.0
10745,1435997183564,14719.0
10746,1435997183565,14512.0
10747,1435997183566,14512.0
10748,1435997183567,15275.0
10749,1435997183568,15275.0
10750,1435997183569,14887.0
10751,1435997183570,14190.0
10752,1435997183571,14190.0
10753,1435997183572,14284.0
10754,1435997183573,14284.0
10755,1435997183574,14407.0
10756,1435997183575,14407.0
10757,1435997183576,13942.0
10758,1435997183577,13942.0
10759,1435997183578,13961.0
10760,1435997183579,13203.0
10761,1435997183580,14062.0
10762,1435997183581,14388.0
10763,1435997183582,14388.0
10764,1435997183583,14374.0
10765,1435997183584,14374.0
10766,1435997183585,17741.0
10767,1435997183586,17741.0
10768,1435997183587,14884.0
10769,1435997183588,14884.0
10770,1435997183595,15031.0
10771,1435997183615,16834.0
10772,1435997183635,16834.0
10773,1435997183655,15666.0
10774,1435997183675,15666.0
10775,1435997183695,16430.0
10776,1435997183715,16430.0
10777,1435997183735,15617.0
10778,1435997183755,15617.0
10779,1435997183777,15511.0
10780,1435997183798,15511.0
10781,1435997183819,15312.0
10782,1435997183837,15286.0
10783,1435997183857,15286.0
10784,1435997183876,15843.0
10785,1435997183898,15843.0
10786,1435997183918,14598.0
10787,1435997183937,14598.0
10788,1435997183957,14334.0
10789,1435997183977,14334.0
10790,1435997183999,14617.0
10791,1435997184019,14617.0
10792,1435997184039,14220.0
10793,1435997184056,14535.0
10794,1435997184077,14535.0
10795,1435997184098,15676.0
10796,1435997184116,15676.0
10797,1435997184137,16458.0
10798,1435997184156,16458.0
10799,1435997184178,15152.0
10800,1435997184197,15152.0
10801,1435997184217,16704.0
10802,1435997184237,17845.0
10803,1435997184258,15791.0
10804,1435997184279,14770.0
10805,1435997184300,14770.0
10806,1435997184320,14575.0
10807,1435997184338,14575.0
10808,1435997184358,14852.0
10809,1435997184377,14852.0
10810,1435997184398,14339.0
10811,1435997184420,14339.0
10812,1435997184438,14838.0
10813,1435997184460,13714.0
10814,1435997184477,13714.0
10815,1435997184497,14923.0
10816,1435997184519,14923.0
10817,1435997184539,17903.0
10818,1435997184558,17903.0
10819,1435997184584,15198.0
10820,1435997184598,15198.0
10821,1435997184621,14845.0
10822,1435997184638,14845.0
10823,1435997184657,15824.0
10824,1435997184678,14853.0
10825,1435997184699,14853.0
10826,1435997184784,15635.0
10827,1435997184785,15635.0
10828,1435997184786,14664.0
10829,1435997184787,14664.0
10830,1435997184800,14568.0
10831,1435997184820,14568.0
10832,1435997184838,14168.0
10833,1435997184858,14168.0
10834,1435997184879,14045.0
10835,1435997184899,14555.0
10836,1435997184919,14555.0
10837,1435997184941,14650.0
10838,1435997184959,14650.0
10839,1435997184980,14890.0
10840,1435997185000,14890.0
10841,1435997185020,16310.0
10842,1435997185042,16310.0
10843,1435997185060,14360.0
10844,1435997185079,14360.0
10845,1435997185098,15789.0
10846,1435997185118,13955.0
10847,1435997185139,13955.0
10848,1435997185160,15719.0
10849,1435997185183,15719.0
10850,1435997185199,14340.0
10851,1435997185218,14340.0
10852,1435997185238,14091.0
10853,1435997185259,14091.0
10854,1435997185278,15106.0
10855,1435997185298,16391.0
10856,1435997185320,16391.0
10857,1435997185338,14726.0
10858,1435997185363,14726.0
10859,1435997185384,13866.0
10860,1435997185405,13866.0
10861,1435997185423,15050.0
10862,1435997185505,15050.0
10863,1435997185506,14725.0
10864,1435997185507,14725.0
10865,1435997185508,13608.0
10866,1435997185541,14223.0
10867,1435997185542,14223.0
10868,1435997185587,14668.0
10869,1435997185588,14668.0
10870,1435997185599,13777.0
10871,1435997185661,13777.0
10872,1435997185662,13725.0
10873,1435997185663,13725.0
10874,1435997185683,13797.0
10875,1435997185716,13797.0
10876,1435997185718,14138.0
10877,1435997185738,14337.0
10878,1435997185758,14337.0
10879,1435997185778,14417.0
10880,1435997185798,14417.0
10881,1435997185819,15441.0
10882,1435997185839,15441.0
10883,1435997185861,15203.0
10884,1435997185882,15203.0
10885,1435997185900,14961.0
10886,1435997185921,14961.0
10887,1435997185942,15993.0
10888,1435997185960,13870.0
10889,1435997185978,13870.0
10890,1435997186000,14180.0
10891,1435997186021,14180.0
10892,1435997186041,14550.0
10893,1435997186061,14550.0
10894,1435997186084,14092.0
10895,1435997186104,14092.0
10896,1435997186124,15012.0
10897,1435997186142,14178.0
10898,1435997186159,14178.0
10899,1435997186187,15405.0
10900,1435997186203,15405.0
10901,1435997186221,14040.0
10902,1435997186240,14040.0
10903,1435997186259,14168.0
10904,1435997186279,14168.0
10905,1435997186299,14731.0
10906,1435997186319,14731.0
10907,1435997186341,15071.0
10908,1435997186359,16135.0
10909,1435997186379,16135.0
10910,1435997186399,15020.0
10911,1435997186419,15020.0
10912,1435997186439,15497.0
10913,1435997186459,15497.0
10914,1435997186479,16166.0
10915,1435997186499,16166.0
10916,1435997186523,15881.0
10917,1435997186542,15881.0
10918,1435997186562,16053.0
10919,1435997186579,14327.0
10920,1435997186601,14327.0
10921,1435997186619,14484.0
10922,1435997186639,14484.0
10923,1435997186659,14647.0
10924,1435997186680,14647.0
10925,1435997186699,14821.0
10926,1435997186723,14821.0
10927,1435997186743,14727.0
10928,1435997186761,14727.0
10929,1435997186781,17106.0
10930,1435997186803,15932.0
10931,1435997186853,15932.0
10932,1435997186854,15505.0
10933,1435997186868,15505.0
10934,1435997186879,15706.0
10935,1435997186901,15706.0
10936,1435997186925,15425.0
10937,1435997186940,15425.0
10938,1435997186960,16045.0
10939,1435997186980,16425.0
10940,1435997187001,15402.0
10941,1435997187023,14834.0
10942,1435997187043,14834.0
10943,1435997187059,15457.0
10944,1435997187083,15457.0
10945,1435997187105,15221.0
10946,1435997187123,15221.0
10947,1435997187142,15717.0
10948,1435997187160,15717.0
10949,1435997187182,14674.0
10950,1435997187204,14694.0
10951,1435997187223,14694.0
10952,1435997187245,14952.0
10953,1435997187260,14952.0
10954,1435997187281,14765.0
10955,1435997187302,14765.0
10956,1435997187323,14738.0
10957,1435997187340,14738.0
10958,1435997187361,14770.0
10959,1435997187383,14770.0
10960,1435997187400,14942.0
10961,1435997187420,17117.0
10962,1435997187440,17117.0
10963,1435997187465,16317.0
10964,1435997187531,16317.0
10965,1435997187532,18477.0
10966,1435997187533,18477.0
10967,1435997187553,16158.0
10968,1435997187562,16158.0
10969,1435997187582,16490.0
10970,1435997187605,16490.0
10971,1435997187621,15707.0
10972,1435997187641,14997.0
10973,1435997187663,14997.0
10974,1435997187681,15420.0
10975,1435997187703,15420.0
10976,1435997187723,15319.0
10977,1435997187743,15319.0
10978,1435997187832,15876.0
10979,1435997187833,15876.0
10980,1435997187834,17279.0
10981,1435997187837,17424.0
10982,1435997187843,17713.0
10983,1435997187861,15358.0
10984,1435997187881,15358.0
10985,1435997187901,14899.0
10986,1435997187921,14899.0
10987,1435997187944,14512.0
10988,1435997187961,14512.0
10989,1435997187981,14755.0
10990,1435997188001,14755.0
10991,1435997188021,15314.0
10992,1435997188041,16413.0
10993,1435997188061,16413.0
10994,1435997188082,15265.0
10995,1435997188103,15265.0
10996,1435997188123,14563.0
10997,1435997188142,14563.0
10998,1435997188161,14655.0
10999,1435997188181,14655.0
11000,1435997188202,13787.0
11001,1435997188224,13787.0
11002,1435997188267,13408.0
11003,1435997188268,12216.0
11004,1435997188284,12216.0
11005,1435997188302,11531.0
11006,1435997188320,11531.0
11007,1435997188342,10668.0
11008,1435997188362,10668.0
11009,1435997188384,10732.0
11010,1435997188401,10732.0
11011,1435997188423,10712.0
11012,1435997188442,10712.0
11013,1435997188464,10622.0
11014,1435997188481,11119.0
11015,1435997188504,11119.0
11016,1435997188524,11559.0
11017,1435997188545,11559.0
11018,1435997188563,11879.0
11019,1435997188582,11879.0
11020,1435997188602,13281.0
11021,1435997188622,13281.0
11022,1435997188642,12849.0
11023,1435997188665,12519.0
11024,1435997188685,13048.0
11025,1435997188704,12223.0
11026,1435997188724,12223.0
11027,1435997188743,12005.0
11028,1435997188765,12005.0
11029,1435997188785,11177.0
11030,1435997188805,11177.0
11031,1435997188824,11504.0
11032,1435997188842,11504.0
11033,1435997188863,11519.0
11034,1435997188893,11442.0
11035,1435997188948,11442.0
11036,1435997188949,11483.0
11037,1435997188950,11483.0
11038,1435997188976,11673.0
11039,1435997188982,11673.0
11040,1435997189002,11540.0
11041,1435997189024,11540.0
11042,1435997189042,11389.0
11043,1435997189065,11389.0
11044,1435997189083,11153.0
11045,1435997189104,11086.0
11046,1435997189130,11086.0
11047,1435997189142,11242.0
11048,1435997189163,11242.0
11049,1435997189182,11432.0
11050,1435997189205,11432.0
11051,1435997189225,12040.0
11052,1435997189245,12040.0
11053,1435997189265,12250.0
11054,1435997189284,12250.0
11055,1435997189303,10813.0
11056,1435997189323,9642.0
11057,1435997189345,9642.0
11058,1435997189363,8604.0
11059,1435997189384,8604.0
11060,1435997189405,7873.0
11061,1435997189426,7873.0
11062,1435997189444,8300.0
11063,1435997189467,8300.0
11064,1435997189486,5388.0
11065,1435997189505,5388.0
11066,1435997189528,5140.0
11067,1435997189549,3810.0
11068,1435997189568,3810.0
11069,1435997189727,3806.0
11070,1435997189728,3806.0
11071,1435997189729,3374.0
11072,1435997189730,3374.0
11073,1435997189731,3549.0
11074,1435997189732,3549.0
11075,1435997189733,4485.0
11076,1435997189734,5054.0
11077,1435997189793,5054.0
11078,1435997189794,5203.0
11079,1435997189795,5203.0
11080,1435997189827,6916.0
11081,1435997189828,6916.0
11082,1435997189995,6747.0
11083,1435997189996,6747.0
11084,1435997189997,6347.0
11085,1435997189998,6347.0
11086,1435997189999,6753.0
11087,1435997190000,7706.0
11088,1435997190001,7706.0
11089,1435997190002,6602.0
11090,1435997190003,6602.0
11091,1435997190024,6396.0
11092,1435997190047,6396.0
11093,1435997190068,4541.0
11094,1435997190088,4541.0
11095,1435997190108,1877.0
11096,1435997190128,1877.0
11097,1435997190144,1247.0
11098,1435997190167,1782.0
11099,1435997190190,1782.0
11100,1435997190202,2745.0
11101,1435997190225,2745.0
11102,1435997190244,6196.0
11103,1435997190265,6196.0
11104,1435997190283,7124.0
11105,1435997190306,7124.0
11106,1435997190325,7243.0
11107,1435997190344,7243.0
11108,1435997190364,7475.0
11109,1435997190384,8094.0
11110,1435997190404,8094.0
11111,1435997190425,5717.0
11112,1435997190452,5717.0
11113,1435997190484,2117.0
11114,1435997190485,2117.0
11115,1435997190503,2215.0
11116,1435997190523,2215.0
11117,1435997190543,1858.0
11118,1435997190565,1946.0
11119,1435997190588,1946.0
11120,1435997190604,1491.0
11121,1435997190623,1491.0
11122,1435997190644,1331.0
11123,1435997190664,1331.0
11124,1435997190684,1164.0
11125,1435997190707,1164.0
11126,1435997190727,1749.0
11127,1435997190747,1749.0
11128,1435997190767,2113.0
11129,1435997190785,1603.0
11130,1435997190804,1603.0
11131,1435997190825,1565.0
11132,1435997190846,1565.0
11133,1435997190866,2378.0
11134,1435997190885,2378.0
11135,1435997190904,1514.0
11136,1435997190928,1514.0
11137,1435997190948,947.0
11138,1435997190968,947.0
11139,1435997190987,1509.0
11140,1435997191004,2957.0
11141,1435997191024,2957.0
11142,1435997191045,1070.0
11143,1435997191071,1070.0
11144,1435997191107,883.0
11145,1435997191108,883.0
11146,1435997191127,913.0
11147,1435997191145,913.0
11148,1435997191166,868.0
11149,1435997191183,868.0
11150,1435997191205,841.0
11151,1435997191224,844.0
11152,1435997191245,844.0
11153,1435997191265,827.0
11154,1435997191285,827.0
11155,1435997191306,843.0
11156,1435997191325,843.0
11157,1435997191345,844.0
11158,1435997191364,844.0
11159,1435997191386,941.0
11160,1435997191406,871.0
11161,1435997191426,871.0
11162,1435997191446,826.0
11163,1435997191468,826.0
11164,1435997191489,1239.0
11165,1435997191506,1239.0
11166,1435997191526,1376.0
11167,1435997191545,1376.0
11168,1435997191565,852.0
11169,1435997191586,852.0
11170,1435997191607,855.0
11171,1435997191628,836.0
11172,1435997191648,836.0
11173,1435997191670,823.0
11174,1435997191688,823.0
11175,1435997191707,819.0
11176,1435997191727,819.0
11177,1435997191747,849.0
11178,1435997191766,849.0
11179,1435997191836,891.0
11180,1435997191837,891.0
11181,1435997191838,1098.0
11182,1435997191855,1617.0
11183,1435997191866,1617.0
11184,1435997191891,939.0
11185,1435997191905,939.0
11186,1435997191925,798.0
11187,1435997191946,798.0
11188,1435997191965,799.0
11189,1435997191988,799.0
11190,1435997192010,776.0
11191,1435997192026,776.0
11192,1435997192047,767.0
11193,1435997192066,783.0
11194,1435997192085,783.0
11195,1435997192105,1004.0
11196,1435997192126,1004.0
11197,1435997192147,1032.0
11198,1435997192167,1032.0
11199,1435997192187,795.0
11200,1435997192208,795.0
11201,1435997192231,797.0
11202,1435997192248,811.0
11203,1435997192268,811.0
11204,1435997192288,808.0
11205,1435997192307,808.0
11206,1435997192327,794.0
11207,1435997192347,794.0
11208,1435997192366,790.0
11209,1435997192385,790.0
11210,1435997192405,779.0
11211,1435997192426,779.0
11212,1435997192447,776.0
11213,1435997192467,774.0
11214,1435997192487,774.0
11215,1435997192511,781.0
11216,1435997192573,781.0
11217,1435997192574,1076.0
11218,1435997192575,1076.0
11219,1435997192596,914.0
11220,1435997192606,914.0
11221,1435997192633,912.0
11222,1435997192646,912.0
11223,1435997192666,1607.0
11224,1435997192687,905.0
11225,1435997192706,905.0
11226,1435997192729,833.0
11227,1435997192750,833.0
11228,1435997192766,829.0
11229,1435997192788,829.0
11230,1435997192807,819.0
11231,1435997192826,819.0
11232,1435997192846,803.0
11233,1435997192866,803.0
11234,1435997192886,819.0
11235,1435997192907,816.0
11236,1435997192927,816.0
11237,1435997192948,827.0
11238,1435997192968,827.0
11239,1435997192988,890.0
11240,1435997193008,890.0
11241,1435997193028,843.0
11242,1435997193047,843.0
11243,1435997193067,846.0
11244,1435997193087,846.0
11245,1435997193108,791.0
11246,1435997193129,783.0
11247,1435997193150,783.0
11248,1435997193168,789.0
11249,1435997193187,789.0
11250,1435997193207,809.0
11251,1435997193227,809.0
11252,1435997193376,834.0
11253,1435997193377,834.0
11254,1435997193378,834.0
11255,1435997193379,820.0
11256,1435997193380,820.0
11257,1435997193381,830.0
11258,1435997193382,830.0
11259,1435997193410,836.0
11260,1435997193411,836.0
11261,1435997193426,830.0
11262,1435997193457,830.0
11263,1435997193481,828.0
11264,1435997193487,828.0
11265,1435997193507,827.0
11266,1435997193527,913.0
11267,1435997193547,913.0
11268,1435997193568,1014.0
11269,1435997193588,1014.0
11270,1435997193609,2453.0
11271,1435997193627,2453.0
11272,1435997193647,3091.0
11273,1435997193667,3091.0
11274,1435997193687,3051.0
11275,1435997193707,3051.0
11276,1435997193726,3125.0
11277,1435997193752,3242.0
11278,1435997193768,3242.0
11279,1435997193788,3460.0
11280,1435997193809,3460.0
11281,1435997193828,4325.0
11282,1435997193848,4325.0
11283,1435997193869,2828.0
11284,1435997193889,2828.0
11285,1435997193909,1345.0
11286,1435997193928,1345.0
11287,1435997193947,1111.0
11288,1435997193967,2073.0
11289,1435997193988,2073.0
11290,1435997194014,2864.0
11291,1435997194070,2864.0
11292,1435997194071,2807.0
11293,1435997194072,2807.0
11294,1435997194095,2724.0
11295,1435997194107,2724.0
11296,1435997194137,2634.0
11297,1435997194148,2649.0
11298,1435997194170,2649.0
11299,1435997194189,2657.0
11300,1435997194208,2657.0
11301,1435997194227,2755.0
11302,1435997194250,2755.0
11303,1435997194268,2892.0
11304,1435997194287,2892.0
11305,1435997194308,2911.0
11306,1435997194327,2911.0
11307,1435997194348,2907.0
11308,1435997194369,2838.0
11309,1435997194388,2838.0
11310,1435997194407,2670.0
11311,1435997194428,2670.0
11312,1435997194448,2509.0
11313,1435997194469,2509.0
11314,1435997194489,2488.0
11315,1435997194508,2488.0
11316,1435997194527,2507.0
11317,1435997194549,2507.0
11318,1435997194568,2626.0
11319,1435997194587,2699.0
11320,1435997194608,2699.0
11321,1435997194630,2773.0
11322,1435997194652,2773.0
11323,1435997194669,2771.0
11324,1435997194688,2771.0
11325,1435997194708,2682.0
11326,1435997194728,2682.0
11327,1435997194748,2564.0
11328,1435997194814,2564.0
11329,1435997194815,2491.0
11330,1435997194816,2483.0
11331,1435997194838,2483.0
11332,1435997194848,2507.0
11333,1435997194870,2507.0
11334,1435997194888,1913.0
11335,1435997194908,1913.0
11336,1435997194934,1062.0
11337,1435997194949,1062.0
11338,1435997194970,794.0
11339,1435997194990,770.0
11340,1435997195008,770.0
11341,1435997195028,769.0
11342,1435997195050,769.0
11343,1435997195070,751.0
11344,1435997195089,751.0
11345,1435997195111,765.0
11346,1435997195129,765.0
11347,1435997195148,799.0
11348,1435997195168,799.0
11349,1435997195189,830.0
11350,1435997195210,742.0
11351,1435997195230,742.0
11352,1435997195250,761.0
11353,1435997195273,761.0
11354,1435997195290,750.0
11355,1435997195309,750.0
11356,1435997195328,706.0
11357,1435997195350,706.0
11358,1435997195373,672.0
11359,1435997195393,672.0
11360,1435997195411,660.0
11361,1435997195429,669.0
11362,1435997195449,669.0
11363,1435997195469,658.0
11364,1435997195490,658.0
11365,1435997195513,663.0
11366,1435997195576,663.0
11367,1435997195577,664.0
11368,1435997195578,664.0
11369,1435997195588,651.0
11370,1435997195608,651.0
11371,1435997195628,653.0
11372,1435997195648,647.0
11373,1435997195668,647.0
11374,1435997195690,648.0
11375,1435997195709,648.0
11376,1435997195732,655.0
11377,1435997195751,655.0
11378,1435997195769,665.0
11379,1435997195789,665.0
11380,1435997195811,677.0
11381,1435997195831,682.0
11382,1435997195852,682.0
11383,1435997195873,681.0
11384,1435997195891,681.0
11385,1435997195912,688.0
11386,1435997195931,688.0
11387,1435997195950,677.0
11388,1435997195970,677.0
11389,1435997195990,661.0
11390,1435997196011,661.0
11391,1435997196029,646.0
11392,1435997196051,655.0
11393,1435997196071,655.0
11394,1435997196106,660.0
11395,1435997196111,660.0
11396,1435997196131,660.0
11397,1435997196149,660.0
11398,1435997196169,672.0
11399,1435997196189,672.0
11400,1435997196209,691.0
11401,1435997196239,691.0
11402,1435997196300,715.0
11403,1435997196301,720.0
11404,1435997196302,720.0
11405,1435997196317,707.0
11406,1435997196329,707.0
11407,1435997196349,689.0
11408,1435997196370,689.0
11409,1435997196390,674.0
11410,1435997196411,674.0
11411,1435997196430,674.0
11412,1435997196451,674.0
11413,1435997196473,687.0
11414,1435997196490,671.0
11415,1435997196510,671.0
11416,1435997196530,662.0
11417,1435997196552,662.0
11418,1435997196573,676.0
11419,1435997196592,676.0
11420,1435997196612,679.0
11421,1435997196631,679.0
11422,1435997196655,679.0
11423,1435997196675,679.0
11424,1435997196694,685.0
11425,1435997196710,680.0
11426,1435997196730,680.0
11427,1435997196751,681.0
11428,1435997196774,681.0
11429,1435997196792,702.0
11430,1435997196812,702.0
11431,1435997196829,715.0
11432,1435997196853,715.0
11433,1435997196873,708.0
11434,1435997196892,706.0
11435,1435997196916,706.0
11436,1435997196951,709.0
11437,1435997196952,709.0
11438,1435997197039,725.0
11439,1435997197040,725.0
11440,1435997197041,736.0
11441,1435997197042,736.0
11442,1435997197070,752.0
11443,1435997197071,752.0
11444,1435997197090,764.0
11445,1435997197110,766.0
11446,1435997197130,766.0
11447,1435997197150,779.0
11448,1435997197170,779.0
11449,1435997197191,787.0
11450,1435997197210,787.0
11451,1435997197230,784.0
11452,1435997197250,784.0
11453,1435997197270,763.0
11454,1435997197290,763.0
11455,1435997197310,750.0
11456,1435997197330,731.0
11457,1435997197350,731.0
11458,1435997197370,718.0
11459,1435997197392,718.0
11460,1435997197410,728.0
11461,1435997197430,728.0
11462,1435997197451,750.0
11463,1435997197476,750.0
11464,1435997197497,757.0
11465,1435997197518,757.0
11466,1435997197533,760.0
11467,1435997197552,755.0
11468,1435997197574,755.0
11469,1435997197591,754.0
11470,1435997197616,754.0
11471,1435997197637,738.0
11472,1435997197657,738.0
11473,1435997197673,728.0
11474,1435997197695,728.0
11475,1435997197764,720.0
11476,1435997197765,725.0
11477,1435997197770,725.0
11478,1435997197771,733.0
11479,1435997197791,733.0
11480,1435997197815,731.0
11481,1435997197830,731.0
11482,1435997197851,732.0
11483,1435997197874,732.0
11484,1435997197891,735.0
11485,1435997197913,735.0
11486,1435997197933,736.0
11487,1435997197952,741.0
11488,1435997197973,741.0
11489,1435997197991,752.0
11490,1435997198014,752.0
11491,1435997198033,771.0
11492,1435997198054,771.0
11493,1435997198074,776.0
11494,1435997198093,776.0
11495,1435997198115,776.0
11496,1435997198133,776.0
11497,1435997198154,777.0
11498,1435997198173,792.0
11499,1435997198193,792.0
11500,1435997198225,784.0
11501,1435997198233,784.0
11502,1435997198253,783.0
11503,1435997198271,783.0
11504,1435997198295,781.0
11505,1435997198314,781.0
11506,1435997198332,787.0
11507,1435997198353,787.0
11508,1435997198375,784.0
11509,1435997198395,762.0
11510,1435997198413,762.0
11511,1435997198439,733.0
11512,1435997198488,733.0
11513,1435997198489,715.0
11514,1435997198494,715.0
11515,1435997198511,714.0
11516,1435997198535,714.0
11517,1435997198575,724.0
11518,1435997198576,740.0
11519,1435997198601,740.0
11520,1435997198638,743.0
11521,1435997198639,743.0
11522,1435997198651,751.0
11523,1435997198673,751.0
11524,1435997198702,747.0
11525,1435997198712,747.0
11526,1435997198735,734.0
11527,1435997198755,734.0
11528,1435997198775,728.0
11529,1435997198793,720.0
11530,1435997198813,720.0
11531,1435997198831,708.0
11532,1435997198853,708.0
11533,1435997198875,715.0
11534,1435997198895,715.0
11535,1435997198915,708.0
11536,1435997198933,708.0
11537,1435997198955,706.0
11538,1435997198975,706.0
11539,1435997198994,699.0
11540,1435997199013,689.0
11541,1435997199034,689.0
11542,1435997199052,689.0
11543,1435997199073,689.0
11544,1435997199095,685.0
11545,1435997199114,685.0
11546,1435997199134,681.0
11547,1435997199154,681.0
11548,1435997199173,697.0
11549,1435997199194,697.0
11550,1435997199267,703.0
11551,1435997199268,710.0
11552,1435997199277,710.0
11553,1435997199278,707.0
11554,1435997199300,707.0
11555,1435997199316,726.0
11556,1435997199339,726.0
11557,1435997199383,717.0
11558,1435997199384,717.0
11559,1435997199404,709.0
11560,1435997199412,709.0
11561,1435997199439,717.0
11562,1435997199456,723.0
11563,1435997199475,723.0
11564,1435997199495,714.0
11565,1435997199519,714.0
11566,1435997199535,677.0
11567,1435997199555,677.0
11568,1435997199603,657.0
11569,1435997199604,657.0
11570,1435997199614,645.0
11571,1435997199633,639.0
11572,1435997199654,639.0
11573,1435997199673,645.0
11574,1435997199694,645.0
11575,1435997199713,657.0
11576,1435997199733,657.0
11577,1435997199752,658.0
11578,1435997199779,658.0
11579,1435997199800,661.0
11580,1435997199819,661.0
11581,1435997199837,660.0
11582,1435997199854,674.0
11583,1435997199873,674.0
11584,1435997199903,702.0
11585,1435997199914,702.0
11586,1435997200055,692.0
11587,1435997200056,692.0
11588,1435997200057,693.0
11589,1435997200058,693.0
11590,1435997200059,689.0
11591,1435997200063,689.0
11592,1435997200064,686.0
11593,1435997200097,676.0
11594,1435997200098,676.0
11595,1435997200113,680.0
11596,1435997200144,680.0
11597,1435997200166,695.0
11598,1435997200174,695.0
11599,1435997200195,713.0
11600,1435997200214,713.0
11601,1435997200237,732.0
11602,1435997200256,732.0
11603,1435997200275,739.0
11604,1435997200296,737.0
11605,1435997200315,737.0
11606,1435997200334,738.0
11607,1435997200353,738.0
11608,1435997200373,724.0
11609,1435997200395,724.0
11610,1435997200417,712.0
11611,1435997200434,712.0
11612,1435997200455,703.0
11613,1435997200476,681.0
11614,1435997200497,681.0
11615,1435997200517,664.0
11616,1435997200538,664.0
11617,1435997200560,672.0
11618,1435997200586,672.0
11619,1435997200601,657.0
11620,1435997200617,657.0
11621,1435997200635,647.0
11622,1435997200655,647.0
11623,1435997201005,646.0
11624,1435997201006,642.0
11625,1435997201007,642.0
11626,1435997201008,625.0
11627,1435997201009,625.0
11628,1435997201010,612.0
11629,1435997201011,612.0
11630,1435997201012,623.0
11631,1435997201013,623.0
11632,1435997201014,650.0
11633,1435997201015,650.0
11634,1435997201016,649.0
11635,1435997201017,658.0
11636,1435997201018,658.0
11637,1435997201019,671.0
11638,1435997201020,671.0
11639,1435997201021,678.0
11640,1435997201022,678.0
11641,1435997201047,660.0
11642,1435997201054,660.0
11643,1435997201077,656.0
11644,1435997201098,656.0
11645,1435997201118,649.0
11646,1435997201138,633.0
11647,1435997201158,633.0
11648,1435997201194,628.0
11649,1435997201195,628.0
11650,1435997201213,635.0
11651,1435997201233,635.0
11652,1435997201253,631.0
11653,1435997201273,631.0
11654,1435997201294,619.0
11655,1435997201314,607.0
11656,1435997201336,607.0
11657,1435997201354,602.0
11658,1435997201374,602.0
11659,1435997201395,608.0
11660,1435997201414,608.0
11661,1435997201435,613.0
11662,1435997201453,613.0
11663,1435997201474,617.0
11664,1435997201493,617.0
11665,1435997201513,633.0
11666,1435997201533,637.0
11667,1435997201553,637.0
11668,1435997201573,627.0
11669,1435997201593,627.0
11670,1435997201613,633.0
11671,1435997201633,633.0
11672,1435997201653,617.0
11673,1435997201675,617.0
11674,1435997201693,601.0
11675,1435997201713,601.0
11676,1435997201734,593.0
11677,1435997201754,591.0
11678,1435997201774,591.0
11679,1435997201802,565.0
11680,1435997201813,565.0
11681,1435997201834,545.0
11682,1435997201854,545.0
11683,1435997201874,565.0
11684,1435997201894,565.0
11685,1435997201914,555.0
11686,1435997201934,555.0
11687,1435997201954,587.0
11688,1435997201974,575.0
11689,1435997201994,575.0
11690,1435997202015,549.0
11691,1435997202035,549.0
11692,1435997202054,542.0
11693,1435997202074,542.0
11694,1435997202098,536.0
11695,1435997202114,536.0
11696,1435997202135,536.0
11697,1435997202154,561.0
11698,1435997202174,561.0
11699,1435997202195,570.0
11700,1435997202215,570.0
11701,1435997202234,558.0
11702,1435997202254,558.0
11703,1435997202279,559.0
11704,1435997202294,559.0
11705,1435997202314,577.0
11706,1435997202336,577.0
11707,1435997202354,598.0
11708,1435997202375,610.0
11709,1435997202394,610.0
11710,1435997202415,623.0
11711,1435997202435,623.0
11712,1435997202454,636.0
11713,1435997202475,636.0
11714,1435997202497,639.0
11715,1435997202515,639.0
11716,1435997202534,635.0
11717,1435997202555,635.0
11718,1435997202574,636.0
11719,1435997202595,640.0
11720,1435997202615,640.0
11721,1435997202635,641.0
11722,1435997202654,641.0
11723,1435997202675,632.0
11724,1435997202695,632.0
11725,1435997202715,633.0
11726,1435997202736,633.0
11727,1435997202755,631.0
11728,1435997202776,631.0
11729,1435997202795,605.0
11730,1435997202816,604.0
11731,1435997202838,604.0
11732,1435997202855,600.0
11733,1435997202876,600.0
11734,1435997202898,606.0
11735,1435997202917,606.0
11736,1435997202935,618.0
11737,1435997202956,618.0
11738,1435997202978,634.0
11739,1435997202995,634.0
11740,1435997203016,626.0
11741,1435997203041,647.0
11742,1435997203055,647.0
11743,1435997203078,642.0
11744,1435997203096,642.0
11745,1435997203117,624.0
11746,1435997203136,624.0
11747,1435997203156,613.0
11748,1435997203176,613.0
11749,1435997203196,596.0
11750,1435997203216,596.0
11751,1435997203235,596.0
11752,1435997203256,606.0
11753,1435997203275,606.0
11754,1435997203297,613.0
11755,1435997203316,613.0
11756,1435997203335,603.0
11757,1435997203378,603.0
11758,1435997203379,606.0
11759,1435997203396,606.0
11760,1435997203416,611.0
11761,1435997203437,617.0
11762,1435997203456,617.0
11763,1435997203478,619.0
11764,1435997203497,619.0
11765,1435997203517,623.0
11766,1435997203536,623.0
11767,1435997203591,623.0
11768,1435997203592,623.0
11769,1435997203597,621.0
11770,1435997203616,621.0
11771,1435997203637,627.0
11772,1435997203656,633.0
11773,1435997203676,633.0
11774,1435997203697,623.0
11775,1435997203718,623.0
11776,1435997203737,625.0
11777,1435997203756,625.0
11778,1435997203777,649.0
11779,1435997203797,649.0
11780,1435997203818,653.0
11781,1435997203839,653.0
11782,1435997203858,669.0
11783,1435997203877,658.0
11784,1435997203898,658.0
11785,1435997203916,612.0
11786,1435997203936,612.0
11787,1435997203956,589.0
11788,1435997203978,589.0
11789,1435997204001,580.0
11790,1435997204018,580.0
11791,1435997204038,588.0
11792,1435997204059,599.0
11793,1435997204080,599.0
11794,1435997204099,622.0
11795,1435997204118,622.0
11796,1435997204137,622.0
11797,1435997204157,622.0
11798,1435997204177,624.0
11799,1435997204198,624.0
11800,1435997204219,630.0
11801,1435997204239,630.0
11802,1435997204258,620.0
11803,1435997204331,605.0
11804,1435997204332,605.0
11805,1435997204333,592.0
11806,1435997204352,592.0
11807,1435997204359,587.0
11808,1435997204378,587.0
11809,1435997204400,577.0
11810,1435997204417,577.0
11811,1435997204437,578.0
11812,1435997204458,578.0
11813,1435997204477,583.0
11814,1435997204499,593.0
11815,1435997204520,593.0
11816,1435997204538,599.0
11817,1435997204558,599.0
11818,1435997204577,600.0
11819,1435997204597,600.0
11820,1435997204618,596.0
11821,1435997204638,596.0
11822,1435997204658,586.0
11823,1435997204679,586.0
11824,1435997204698,578.0
11825,1435997204719,578.0
11826,1435997204738,578.0
11827,1435997204758,560.0
11828,1435997204777,560.0
11829,1435997204797,559.0
11830,1435997204818,559.0
11831,1435997204839,543.0
11832,1435997204858,543.0
11833,1435997204878,553.0
11834,1435997204898,558.0
11835,1435997204919,558.0
11836,1435997204938,550.0
11837,1435997204958,550.0
11838,1435997204988,551.0
11839,1435997204998,551.0
11840,1435997205018,550.0
11841,1435997205085,550.0
11842,1435997205086,546.0
11843,1435997205087,546.0
11844,1435997205108,532.0
11845,1435997205117,511.0
11846,1435997205137,511.0
11847,1435997205158,506.0
11848,1435997205178,506.0
11849,1435997205204,510.0
11850,1435997205218,510.0
11851,1435997205240,503.0
11852,1435997205261,503.0
11853,1435997205280,492.0
11854,1435997205298,492.0
11855,1435997205317,506.0
11856,1435997205338,507.0
11857,1435997205360,507.0
11858,1435997205378,506.0
11859,1435997205400,506.0
11860,1435997205418,500.0
11861,1435997205439,500.0
11862,1435997205459,488.0
11863,1435997205479,488.0
11864,1435997205498,465.0
11865,1435997205523,465.0
11866,1435997205539,467.0
11867,1435997205561,482.0
11868,1435997205578,482.0
11869,1435997205599,497.0
11870,1435997205619,497.0
11871,1435997205638,490.0
11872,1435997205659,490.0
11873,1435997205680,478.0
11874,1435997205699,478.0
11875,1435997205718,472.0
11876,1435997205739,472.0
11877,1435997205760,457.0
11878,1435997205845,448.0
11879,1435997205846,448.0
11880,1435997205847,442.0
11881,1435997205848,442.0
11882,1435997205862,441.0
11883,1435997205880,441.0
11884,1435997205908,456.0
11885,1435997205920,456.0
11886,1435997205939,465.0
11887,1435997205959,478.0
11888,1435997205978,478.0
11889,1435997206001,514.0
11890,1435997206019,514.0
11891,1435997206046,520.0
11892,1435997206062,520.0
11893,1435997206080,510.0
11894,1435997206099,510.0
11895,1435997206119,483.0
11896,1435997206141,483.0
11897,1435997206162,480.0
11898,1435997206181,472.0
11899,1435997206202,472.0
11900,1435997206221,485.0
11901,1435997206241,485.0
11902,1435997206263,483.0
11903,1435997206279,483.0
11904,1435997206299,500.0
11905,1435997206321,500.0
11906,1435997206345,519.0
11907,1435997206362,519.0
11908,1435997206379,523.0
11909,1435997206398,523.0
11910,1435997206420,523.0
11911,1435997206440,524.0
11912,1435997206459,524.0
11913,1435997206479,532.0
11914,1435997206499,532.0
11915,1435997206519,530.0
11916,1435997206539,530.0
11917,1435997206580,530.0
11918,1435997206581,530.0
11919,1435997206599,534.0
11920,1435997206619,539.0
11921,1435997206640,539.0
11922,1435997206659,548.0
11923,1435997206681,548.0
11924,1435997206714,545.0
11925,1435997206732,545.0
11926,1435997206739,547.0
11927,1435997206759,547.0
11928,1435997206780,559.0
11929,1435997206802,562.0
11930,1435997206822,562.0
11931,1435997206842,571.0
11932,1435997206861,571.0
11933,1435997206879,584.0
11934,1435997206900,584.0
11935,1435997206923,607.0
11936,1435997206942,607.0
11937,1435997206962,624.0
11938,1435997206984,624.0
11939,1435997207001,623.0
11940,1435997207023,647.0
11941,1435997207044,647.0
11942,1435997207059,657.0
11943,1435997207083,657.0
11944,1435997207102,656.0
11945,1435997207120,656.0
11946,1435997207139,633.0
11947,1435997207160,633.0
11948,1435997207183,619.0
11949,1435997207205,619.0
11950,1435997207227,613.0
11951,1435997207240,604.0
11952,1435997207336,604.0
11953,1435997207337,590.0
11954,1435997207338,590.0
11955,1435997207339,598.0
11956,1435997207340,598.0
11957,1435997207361,614.0
11958,1435997207389,614.0
11959,1435997207404,602.0
11960,1435997207431,602.0
11961,1435997207455,595.0
11962,1435997207460,594.0
11963,1435997207487,594.0
11964,1435997207511,581.0
11965,1435997207521,581.0
11966,1435997207540,578.0
11967,1435997207560,578.0
11968,1435997207580,583.0
11969,1435997207600,583.0
11970,1435997207620,578.0
11971,1435997207640,583.0
11972,1435997207660,583.0
11973,1435997207680,577.0
11974,1435997207700,577.0
11975,1435997207719,590.0
11976,1435997207739,590.0
11977,1435997207760,591.0
11978,1435997207784,591.0
11979,1435997207801,592.0
11980,1435997207819,592.0
11981,1435997207840,598.0
11982,1435997207864,612.0
11983,1435997207881,612.0
11984,1435997207912,625.0
11985,1435997207919,625.0
11986,1435997207945,627.0
11987,1435997207960,627.0
11988,1435997207983,629.0
11989,1435997208001,629.0
11990,1435997208019,639.0
11991,1435997208047,639.0
11992,1435997208059,637.0
11993,1435997208081,629.0
11994,1435997208100,629.0
11995,1435997208121,621.0
11996,1435997208140,621.0
11997,1435997208160,627.0
11998,1435997208184,627.0
11999,1435997208201,611.0
12000,1435997208220,611.0
12001,1435997208246,583.0
12002,1435997208261,583.0
12003,1435997208280,559.0
12004,1435997208300,533.0
12005,1435997208321,533.0
12006,1435997208341,544.0
12007,1435997208365,544.0
12008,1435997208380,560.0
12009,1435997208403,560.0
12010,1435997208424,585.0
12011,1435997208441,585.0
12012,1435997208461,581.0
12013,1435997208481,593.0
12014,1435997208502,593.0
12015,1435997208523,585.0
12016,1435997208545,585.0
12017,1435997208565,582.0
12018,1435997208582,582.0
12019,1435997208605,576.0
12020,1435997208655,576.0
12021,1435997208656,565.0
12022,1435997208663,565.0
12023,1435997208680,554.0
12024,1435997208700,567.0
12025,1435997208720,567.0
12026,1435997208740,576.0
12027,1435997208763,576.0
12028,1435997208780,580.0
12029,1435997208802,580.0
12030,1435997208823,581.0
12031,1435997208840,581.0
12032,1435997208861,585.0
12033,1435997208880,585.0
12034,1435997208900,587.0
12035,1435997208921,586.0
12036,1435997208941,586.0
12037,1435997208962,585.0
12038,1435997208981,585.0
12039,1435997209001,593.0
12040,1435997209022,593.0
12041,1435997209044,601.0
12042,1435997209064,601.0
12043,1435997209085,609.0
12044,1435997209104,609.0
12045,1435997209121,615.0
12046,1435997209143,621.0
12047,1435997209164,621.0
12048,1435997209184,637.0
12049,1435997209205,637.0
12050,1435997209224,649.0
12051,1435997209245,649.0
12052,1435997209263,675.0
12053,1435997209287,675.0
12054,1435997209353,668.0
12055,1435997209354,668.0
12056,1435997209355,675.0
12057,1435997209361,684.0
12058,1435997209384,684.0
12059,1435997209401,674.0
12060,1435997209424,674.0
12061,1435997209443,656.0
12062,1435997209464,656.0
12063,1435997209482,642.0
12064,1435997209502,642.0
12065,1435997209527,630.0
12066,1435997209547,625.0
12067,1435997209563,625.0
12068,1435997209588,603.0
12069,1435997209602,603.0
12070,1435997209623,582.0
12071,1435997209643,582.0
12072,1435997209663,565.0
12073,1435997209682,565.0
12074,1435997209702,559.0
12075,1435997209724,559.0
12076,1435997209745,568.0
12077,1435997209766,577.0
12078,1435997209785,577.0
12079,1435997209803,564.0
12080,1435997209825,564.0
12081,1435997209847,559.0
12082,1435997209867,559.0
12083,1435997209886,550.0
12084,1435997209905,550.0
12085,1435997209924,554.0
12086,1435997209943,554.0
12087,1435997209963,563.0
12088,1435997209985,569.0
12089,1435997210050,569.0
12090,1435997210051,576.0
12091,1435997210052,576.0
12092,1435997210067,581.0
12093,1435997210084,581.0
12094,1435997210103,584.0
12095,1435997210123,584.0
12096,1435997210143,580.0
12097,1435997210162,580.0
12098,1435997210189,562.0
12099,1435997210202,569.0
12100,1435997210225,569.0
12101,1435997210243,556.0
12102,1435997210264,556.0
12103,1435997210283,545.0
12104,1435997210302,545.0
12105,1435997210325,532.0
12106,1435997210346,532.0
12107,1435997210366,524.0
12108,1435997210386,541.0
12109,1435997210406,541.0
12110,1435997210429,538.0
12111,1435997210445,538.0
12112,1435997210465,528.0
12113,1435997210483,528.0
12114,1435997210503,505.0
12115,1435997210528,505.0
12116,1435997210547,488.0
12117,1435997210567,488.0
12118,1435997210585,485.0
12119,1435997210603,487.0
12120,1435997210626,487.0
12121,1435997210645,496.0
12122,1435997210665,496.0
12123,1435997210692,499.0
12124,1435997210753,499.0
12125,1435997210754,502.0
12126,1435997210755,502.0
12127,1435997210773,521.0
12128,1435997210786,521.0
12129,1435997210813,525.0
12130,1435997210824,527.0
12131,1435997210863,527.0
12132,1435997210864,529.0
12133,1435997210884,529.0
12134,1435997210905,532.0
12135,1435997210924,532.0
12136,1435997210949,537.0
12137,1435997210968,537.0
12138,1435997210987,540.0
12139,1435997211006,540.0
12140,1435997211024,543.0
12141,1435997211047,537.0
12142,1435997211063,537.0
12143,1435997211085,528.0
12144,1435997211105,528.0
12145,1435997211126,522.0
12146,1435997211144,522.0
12147,1435997211168,508.0
12148,1435997211187,508.0
12149,1435997211206,514.0
12150,1435997211225,519.0
12151,1435997211245,519.0
12152,1435997211265,524.0
12153,1435997211285,524.0
12154,1435997211305,520.0
12155,1435997211325,520.0
12156,1435997211345,541.0
12157,1435997211366,541.0
12158,1435997211487,554.0
12159,1435997211488,554.0
12160,1435997211489,560.0
12161,1435997211490,551.0
12162,1435997211491,551.0
12163,1435997211492,535.0
12164,1435997211594,535.0
12165,1435997211595,511.0
12166,1435997211596,511.0
12167,1435997211597,506.0
12168,1435997211598,506.0
12169,1435997211651,517.0
12170,1435997211652,517.0
12171,1435997211653,537.0
12172,1435997211679,554.0
12173,1435997211684,554.0
12174,1435997211704,573.0
12175,1435997211723,573.0
12176,1435997211745,584.0
12177,1435997211767,584.0
12178,1435997211786,590.0
12179,1435997211804,590.0
12180,1435997211823,603.0
12181,1435997211845,603.0
12182,1435997211868,610.0
12183,1435997211888,628.0
12184,1435997211907,628.0
12185,1435997211926,634.0
12186,1435997211945,634.0
12187,1435997211964,644.0
12188,1435997211985,644.0
12189,1435997212005,658.0
12190,1435997212026,658.0
12191,1435997212048,653.0
12192,1435997212067,653.0
12193,1435997212086,649.0
12194,1435997212106,649.0
12195,1435997212125,649.0
12196,1435997212145,648.0
12197,1435997212164,648.0
12198,1435997212185,650.0
12199,1435997212235,650.0
12200,1435997212236,664.0
12201,1435997212247,664.0
12202,1435997212265,672.0
12203,1435997212286,689.0
12204,1435997212305,689.0
12205,1435997212325,698.0
12206,1435997212344,698.0
12207,1435997212369,718.0
12208,1435997212389,718.0
12209,1435997212405,726.0
12210,1435997212426,726.0
12211,1435997212444,731.0
12212,1435997212467,731.0
12213,1435997212488,752.0
12214,1435997212507,746.0
12215,1435997212527,746.0
12216,1435997212547,749.0
12217,1435997212567,749.0
12218,1435997212593,736.0
12219,1435997212606,736.0
12220,1435997212627,718.0
12221,1435997212652,718.0
12222,1435997212666,693.0
12223,1435997212690,693.0
12224,1435997212908,691.0
12225,1435997212909,707.0
12226,1435997212910,707.0
12227,1435997212911,700.0
12228,1435997212912,700.0
12229,1435997212913,701.0
12230,1435997212914,701.0
12231,1435997212915,707.0
12232,1435997212916,707.0
12233,1435997212917,696.0
12234,1435997212918,696.0
12235,1435997212925,690.0
12236,1435997212944,678.0
12237,1435997212964,678.0
12238,1435997212984,666.0
12239,1435997213004,666.0
12240,1435997213024,684.0
12241,1435997213044,684.0
12242,1435997213064,689.0
12243,1435997213084,689.0
12244,1435997213104,685.0
12245,1435997213124,685.0
12246,1435997213144,685.0
12247,1435997213164,693.0
12248,1435997213184,693.0
12249,1435997213204,691.0
12250,1435997213230,691.0
12251,1435997213246,682.0
12252,1435997213266,682.0
12253,1435997213286,683.0
12254,1435997213307,683.0
12255,1435997213326,696.0
12256,1435997213344,701.0
12257,1435997213387,701.0
12258,1435997213388,701.0
12259,1435997213407,701.0
12260,1435997213428,703.0
12261,1435997213445,703.0
12262,1435997213465,717.0
12263,1435997213503,717.0
12264,1435997213504,734.0
12265,1435997213525,734.0
12266,1435997213546,754.0
12267,1435997213566,763.0
12268,1435997213586,763.0
12269,1435997213606,772.0
12270,1435997213626,772.0
12271,1435997213647,781.0
12272,1435997213667,781.0
12273,1435997213687,774.0
12274,1435997213705,774.0
12275,1435997213726,739.0
12276,1435997213747,739.0
12277,1435997213768,715.0
12278,1435997213788,726.0
12279,1435997213809,726.0
12280,1435997213826,767.0
12281,1435997213847,767.0
12282,1435997213866,784.0
12283,1435997213887,784.0
12284,1435997213907,785.0
12285,1435997213927,785.0
12286,1435997213947,785.0
12287,1435997213967,766.0
12288,1435997213987,766.0
12289,1435997214005,757.0
12290,1435997214026,757.0
12291,1435997214047,747.0
12292,1435997214066,747.0
12293,1435997214093,730.0
12294,1435997214134,730.0
12295,1435997214135,743.0
12296,1435997214147,743.0
12297,1435997214166,741.0
12298,1435997214186,757.0
12299,1435997214208,757.0
12300,1435997214228,766.0
12301,1435997214248,766.0
12302,1435997214266,782.0
12303,1435997214287,782.0
12304,1435997214307,790.0
12305,1435997214327,790.0
12306,1435997214349,795.0
12307,1435997214368,795.0
12308,1435997214387,794.0
12309,1435997214407,1139.0
12310,1435997214427,1139.0
12311,1435997214446,1686.0
12312,1435997214467,1686.0
12313,1435997214487,1799.0
12314,1435997214509,1799.0
12315,1435997214527,1890.0
12316,1435997214548,1890.0
12317,1435997214567,1806.0
12318,1435997214587,1806.0
12319,1435997214608,1817.0
12320,1435997214630,1602.0
12321,1435997214651,1602.0
12322,1435997214671,868.0
12323,1435997214689,868.0
12324,1435997214710,837.0
12325,1435997214727,837.0
12326,1435997214747,772.0
12327,1435997214767,772.0
12328,1435997214787,721.0
12329,1435997214860,702.0
12330,1435997214861,702.0
12331,1435997214862,717.0
12332,1435997214869,717.0
12333,1435997214888,747.0
12334,1435997214908,747.0
12335,1435997214927,764.0
12336,1435997214947,764.0
12337,1435997214968,776.0
12338,1435997214988,776.0
12339,1435997215008,783.0
12340,1435997215029,787.0
12341,1435997215050,787.0
12342,1435997215068,782.0
12343,1435997215088,782.0
12344,1435997215107,767.0
12345,1435997215128,767.0
12346,1435997215149,759.0
12347,1435997215168,759.0
12348,1435997215188,774.0
12349,1435997215208,774.0
12350,1435997215227,779.0
12351,1435997215254,786.0
12352,1435997215268,786.0
12353,1435997215289,776.0
12354,1435997215308,776.0
12355,1435997215328,769.0
12356,1435997215347,769.0
12357,1435997215368,766.0
12358,1435997215389,766.0
12359,1435997215409,768.0
12360,1435997215428,768.0
12361,1435997215447,771.0
12362,1435997215467,777.0
12363,1435997215489,777.0
12364,1435997215516,793.0
12365,1435997215590,793.0
12366,1435997215591,798.0
12367,1435997215592,798.0
12368,1435997215593,807.0
12369,1435997215609,807.0
12370,1435997215627,812.0
12371,1435997215650,812.0
12372,1435997215669,836.0
12373,1435997215688,820.0
12374,1435997215708,820.0
12375,1435997215730,819.0
12376,1435997215751,819.0
12377,1435997215768,823.0
12378,1435997215790,823.0
12379,1435997215809,846.0
12380,1435997215829,846.0
12381,1435997215848,826.0
12382,1435997215868,793.0
12383,1435997215889,793.0
12384,1435997215910,787.0
12385,1435997215930,787.0
12386,1435997215950,768.0
12387,1435997215969,768.0
12388,1435997215995,755.0
12389,1435997216009,755.0
12390,1435997216029,743.0
12391,1435997216049,743.0
12392,1435997216068,736.0
12393,1435997216088,748.0
12394,1435997216108,748.0
12395,1435997216129,756.0
12396,1435997216149,756.0
12397,1435997216168,768.0
12398,1435997216188,768.0
12399,1435997216209,772.0
12400,1435997216230,772.0
12401,1435997216261,774.0
12402,1435997216309,774.0
12403,1435997216310,768.0
12404,1435997216311,767.0
12405,1435997216335,767.0
12406,1435997216349,762.0
12407,1435997216376,762.0
12408,1435997216389,755.0
12409,1435997216408,755.0
12410,1435997216431,770.0
12411,1435997216450,770.0
12412,1435997216469,791.0
12413,1435997216490,791.0
12414,1435997216509,813.0
12415,1435997216528,833.0
12416,1435997216551,833.0
12417,1435997216574,835.0
12418,1435997216592,835.0
12419,1435997216611,848.0
12420,1435997216629,848.0
12421,1435997216649,842.0
12422,1435997216671,842.0
12423,1435997216692,836.0
12424,1435997216714,838.0
12425,1435997216729,838.0
12426,1435997216751,825.0
12427,1435997216775,825.0
12428,1435997216794,799.0
12429,1435997216814,799.0
12430,1435997216831,798.0
12431,1435997216849,798.0
12432,1435997216869,816.0
12433,1435997216889,816.0
12434,1435997216913,837.0
12435,1435997216933,841.0
12436,1435997216954,841.0
12437,1435997216972,829.0
12438,1435997216994,829.0
12439,1435997217071,814.0
12440,1435997217072,814.0
12441,1435997217073,796.0
12442,1435997217074,796.0
12443,1435997217089,800.0
12444,1435997217109,800.0
12445,1435997217129,814.0
12446,1435997217149,814.0
12447,1435997217172,814.0
12448,1435997217190,802.0
12449,1435997217211,802.0
12450,1435997217231,793.0
12451,1435997217250,793.0
12452,1435997217273,814.0
12453,1435997217292,814.0
12454,1435997217313,819.0
12455,1435997217331,819.0
12456,1435997217350,819.0
12457,1435997217369,809.0
12458,1435997217390,809.0
12459,1435997217413,804.0
12460,1435997217432,804.0
12461,1435997217454,799.0
12462,1435997217472,799.0
12463,1435997217494,793.0
12464,1435997217514,793.0
12465,1435997217534,789.0
12466,1435997217554,774.0
12467,1435997217573,774.0
12468,1435997217592,750.0
12469,1435997217610,750.0
12470,1435997217629,742.0
12471,1435997217653,742.0
12472,1435997217674,730.0
12473,1435997217694,730.0
12474,1435997217713,723.0
12475,1435997217793,723.0
12476,1435997217794,738.0
12477,1435997217795,748.0
12478,1435997217796,748.0
12479,1435997217811,751.0
12480,1435997217894,751.0
12481,1435997217895,746.0
12482,1435997217896,746.0
12483,1435997217897,754.0
12484,1435997217913,754.0
12485,1435997217934,768.0
12486,1435997217950,768.0
12487,1435997217985,755.0
12488,1435997218010,722.0
12489,1435997218011,722.0
12490,1435997218036,697.0
12491,1435997218050,697.0
12492,1435997218071,687.0
12493,1435997218090,687.0
12494,1435997218110,704.0
12495,1435997218139,704.0
12496,1435997218151,707.0
12497,1435997218170,707.0
12498,1435997218190,689.0
12499,1435997218209,711.0
12500,1435997218229,711.0
12501,1435997218249,709.0
12502,1435997218269,709.0
12503,1435997218289,701.0
12504,1435997218309,701.0
12505,1435997218329,690.0
12506,1435997218349,690.0
12507,1435997218369,700.0
12508,1435997218389,713.0
12509,1435997218409,713.0
12510,1435997218429,708.0
12511,1435997218449,708.0
12512,1435997218469,712.0
12513,1435997218489,712.0
12514,1435997218512,716.0
12515,1435997218529,716.0
12516,1435997218549,717.0
12517,1435997218569,717.0
12518,1435997218589,709.0
12519,1435997218609,701.0
12520,1435997218629,701.0
12521,1435997218649,693.0
12522,1435997218669,693.0
12523,1435997218689,683.0
12524,1435997218709,683.0
12525,1435997218731,683.0
12526,1435997218751,683.0
12527,1435997218771,691.0
12528,1435997218793,691.0
12529,1435997218812,720.0
12530,1435997218833,732.0
12531,1435997218854,732.0
12532,1435997218872,755.0
12533,1435997218890,755.0
12534,1435997218913,786.0
12535,1435997218934,786.0
12536,1435997218954,803.0
12537,1435997218974,803.0
12538,1435997218994,825.0
12539,1435997219012,825.0
12540,1435997219031,812.0
12541,1435997219053,777.0
12542,1435997219073,777.0
12543,1435997219094,772.0
12544,1435997219123,772.0
12545,1435997219138,756.0
12546,1435997219152,756.0
12547,1435997219173,769.0
12548,1435997219192,769.0
12549,1435997219211,791.0
12550,1435997219231,791.0
12551,1435997219253,801.0
12552,1435997219271,803.0
12553,1435997219293,803.0
12554,1435997219318,832.0
12555,1435997219331,832.0
12556,1435997219353,846.0
12557,1435997219374,846.0
12558,1435997219393,879.0
12559,1435997219414,879.0
12560,1435997219432,1261.0
12561,1435997219451,1673.0
12562,1435997219475,1673.0
12563,1435997219495,1708.0
12564,1435997219512,1708.0
12565,1435997219533,1428.0
12566,1435997219554,1428.0
12567,1435997219615,893.0
12568,1435997219616,893.0
12569,1435997219618,893.0
12570,1435997219636,893.0
12571,1435997219657,886.0
12572,1435997219675,871.0
12573,1435997219694,871.0
12574,1435997219713,858.0
12575,1435997219734,858.0
12576,1435997219752,846.0
12577,1435997219773,846.0
12578,1435997219853,813.0
12579,1435997219854,813.0
12580,1435997219855,810.0
12581,1435997219856,810.0
12582,1435997219873,824.0
12583,1435997219896,837.0
12584,1435997219912,837.0
12585,1435997219932,841.0
12586,1435997219966,841.0
12587,1435997219973,887.0
12588,1435997219999,887.0
12589,1435997220014,898.0
12590,1435997220034,898.0
12591,1435997220052,882.0
12592,1435997220074,882.0
12593,1435997220094,871.0
12594,1435997220114,837.0
12595,1435997220134,837.0
12596,1435997220154,811.0
12597,1435997220175,811.0
12598,1435997220194,789.0
12599,1435997220213,789.0
12600,1435997220233,785.0
12601,1435997220252,785.0
12602,1435997220275,780.0
12603,1435997220294,788.0
12604,1435997220315,788.0
12605,1435997220334,799.0
12606,1435997220355,799.0
12607,1435997220374,827.0
12608,1435997220396,827.0
12609,1435997220413,835.0
12610,1435997220433,835.0
12611,1435997220455,828.0
12612,1435997220476,828.0
12613,1435997220494,820.0
12614,1435997220517,804.0
12615,1435997220617,804.0
12616,1435997220618,790.0
12617,1435997220619,790.0
12618,1435997220620,781.0
12619,1435997220621,781.0
12620,1435997220637,777.0
12621,1435997220655,777.0
12622,1435997220673,781.0
12623,1435997220693,781.0
12624,1435997220715,782.0
12625,1435997220733,783.0
12626,1435997220755,783.0
12627,1435997220777,783.0
12628,1435997220794,783.0
12629,1435997220815,775.0
12630,1435997220835,775.0
12631,1435997220854,771.0
12632,1435997220874,771.0
12633,1435997220896,764.0
12634,1435997220917,764.0
12635,1435997220936,771.0
12636,1435997220956,788.0
12637,1435997220974,788.0
12638,1435997220993,785.0
12639,1435997221014,785.0
12640,1435997221034,777.0
12641,1435997221055,777.0
12642,1435997221073,770.0
12643,1435997221093,770.0
12644,1435997221113,760.0
12645,1435997221138,779.0
12646,1435997221159,779.0
12647,1435997221179,769.0
12648,1435997221196,769.0
12649,1435997221214,771.0
12650,1435997221234,771.0
12651,1435997221254,755.0
12652,1435997221274,755.0
12653,1435997221354,761.0
12654,1435997221355,761.0
12655,1435997221356,771.0
12656,1435997221357,759.0
12657,1435997221374,759.0
12658,1435997221395,745.0
12659,1435997221413,745.0
12660,1435997221438,759.0
12661,1435997221456,759.0
12662,1435997221475,766.0
12663,1435997221494,766.0
12664,1435997221514,756.0
12665,1435997221535,756.0
12666,1435997221556,1091.0
12667,1435997221575,1945.0
12668,1435997221597,1945.0
12669,1435997221614,1915.0
12670,1435997221637,1915.0
12671,1435997221654,1666.0
12672,1435997221676,1666.0
12673,1435997221696,1510.0
12674,1435997221715,1510.0
12675,1435997221734,1523.0
12676,1435997221815,1523.0
12677,1435997221816,1506.0
12678,1435997221818,1473.0
12679,1435997221819,1473.0
12680,1435997221834,1433.0
12681,1435997221854,1433.0
12682,1435997221877,1390.0
12683,1435997221894,1390.0
12684,1435997221916,1339.0
12685,1435997221935,1339.0
12686,1435997221961,1293.0
12687,1435997221982,1238.0
12688,1435997221996,1238.0
12689,1435997222019,946.0
12690,1435997222089,946.0
12691,1435997222090,779.0
12692,1435997222097,779.0
12693,1435997222098,756.0
12694,1435997222116,756.0
12695,1435997222141,738.0
12696,1435997222156,738.0
12697,1435997222179,736.0
12698,1435997222194,740.0
12699,1435997222215,740.0
12700,1435997222235,775.0
12701,1435997222254,775.0
12702,1435997222277,1058.0
12703,1435997222295,1058.0
12704,1435997222317,1142.0
12705,1435997222335,1142.0
12706,1435997222354,1008.0
12707,1435997222374,1008.0
12708,1435997222395,779.0
12709,1435997222417,725.0
12710,1435997222438,725.0
12711,1435997222457,706.0
12712,1435997222474,706.0
12713,1435997222494,698.0
12714,1435997222515,698.0
12715,1435997222538,707.0
12716,1435997222557,707.0
12717,1435997222577,701.0
12718,1435997222597,701.0
12719,1435997222617,705.0
12720,1435997222636,682.0
12721,1435997222657,682.0
12722,1435997222676,685.0
12723,1435997222695,685.0
12724,1435997222717,687.0
12725,1435997222743,687.0
12726,1435997222802,686.0
12727,1435997222803,686.0
12728,1435997222804,681.0
12729,1435997222824,681.0
12730,1435997222835,680.0
12731,1435997222862,676.0
12732,1435997222885,676.0
12733,1435997222894,687.0
12734,1435997222915,687.0
12735,1435997222939,692.0
12736,1435997222957,692.0
12737,1435997222991,697.0
12738,1435997222995,697.0
12739,1435997223021,707.0
12740,1435997223035,704.0
12741,1435997223055,704.0
12742,1435997223076,700.0
12743,1435997223095,700.0
12744,1435997223114,684.0
12745,1435997223138,684.0
12746,1435997223155,664.0
12747,1435997223176,664.0
12748,1435997223197,667.0
12749,1435997223215,667.0
12750,1435997223238,659.0
12751,1435997223255,653.0
12752,1435997223277,653.0
12753,1435997223294,652.0
12754,1435997223317,652.0
12755,1435997223337,674.0
12756,1435997223359,674.0
12757,1435997223394,677.0
12758,1435997223395,677.0
12759,1435997223415,673.0
12760,1435997223435,673.0
12761,1435997223455,658.0
12762,1435997223476,648.0
12763,1435997223495,648.0
12764,1435997223557,627.0
12765,1435997223558,627.0
12766,1435997223559,614.0
12767,1435997223574,614.0
12768,1435997223594,623.0
12769,1435997223614,623.0
12770,1435997223634,637.0
12771,1435997223655,637.0
12772,1435997223676,666.0
12773,1435997223696,674.0
12774,1435997223715,674.0
12775,1435997223735,684.0
12776,1435997223757,684.0
12777,1435997223776,683.0
12778,1435997223796,683.0
12779,1435997223819,671.0
12780,1435997223837,671.0
12781,1435997223857,667.0
12782,1435997223875,650.0
12783,1435997223900,650.0
12784,1435997223917,658.0
12785,1435997223939,658.0
12786,1435997223959,658.0
12787,1435997223979,658.0
12788,1435997223998,648.0
12789,1435997224017,648.0
12790,1435997224035,631.0
12791,1435997224057,631.0
12792,1435997224079,631.0
12793,1435997224099,626.0
12794,1435997224120,626.0
12795,1435997224138,602.0
12796,1435997224158,602.0
12797,1435997224202,586.0
12798,1435997224203,586.0
12799,1435997224227,567.0
12800,1435997224236,567.0
12801,1435997224256,556.0
12802,1435997224278,556.0
12803,1435997224296,570.0
12804,1435997224316,592.0
12805,1435997224338,592.0
12806,1435997224357,585.0
12807,1435997224376,585.0
12808,1435997224401,604.0
12809,1435997224419,604.0
12810,1435997224437,609.0
12811,1435997224456,609.0
12812,1435997224476,614.0
12813,1435997224497,614.0
12814,1435997224517,612.0
12815,1435997224538,591.0
12816,1435997224558,591.0
12817,1435997224577,581.0
12818,1435997224599,581.0
12819,1435997224618,588.0
12820,1435997224639,588.0
12821,1435997224657,596.0
12822,1435997224677,596.0
12823,1435997224698,607.0
12824,1435997224719,619.0
12825,1435997224737,619.0
12826,1435997224759,612.0
12827,1435997224776,612.0
12828,1435997224801,606.0
12829,1435997224818,606.0
12830,1435997224837,610.0
12831,1435997224857,610.0
12832,1435997224877,604.0
12833,1435997224897,604.0
12834,1435997224920,618.0
12835,1435997224967,626.0
12836,1435997224968,626.0
12837,1435997224988,627.0
12838,1435997224997,627.0
12839,1435997225017,632.0
12840,1435997225039,632.0
12841,1435997225057,638.0
12842,1435997225077,638.0
12843,1435997225098,645.0
12844,1435997225117,645.0
12845,1435997225138,640.0
12846,1435997225159,644.0
12847,1435997225180,644.0
12848,1435997225198,659.0
12849,1435997225217,659.0
12850,1435997225237,669.0
12851,1435997225257,669.0
12852,1435997225277,676.0
12853,1435997225298,676.0
12854,1435997225318,674.0
12855,1435997225338,674.0
12856,1435997225359,677.0
12857,1435997225380,684.0
12858,1435997225398,684.0
12859,1435997225417,691.0
12860,1435997225439,691.0
12861,1435997225459,691.0
12862,1435997225477,691.0
12863,1435997225500,691.0
12864,1435997225520,691.0
12865,1435997225541,697.0
12866,1435997225558,697.0
12867,1435997225579,701.0
12868,1435997225598,694.0
12869,1435997225619,694.0
12870,1435997225646,685.0
12871,1435997225704,685.0
12872,1435997225705,675.0
12873,1435997225706,675.0
12874,1435997225729,667.0
12875,1435997225737,667.0
12876,1435997225761,665.0
12877,1435997225777,664.0
12878,1435997225797,664.0
12879,1435997225819,658.0
12880,1435997225837,658.0
12881,1435997225861,659.0
12882,1435997225884,659.0
12883,1435997225899,659.0
12884,1435997225920,659.0
12885,1435997225938,643.0
12886,1435997225957,643.0
12887,1435997225977,648.0
12888,1435997225998,648.0
12889,1435997226018,648.0
12890,1435997226040,636.0
12891,1435997226060,636.0
12892,1435997226078,636.0
12893,1435997226099,636.0
12894,1435997226127,632.0
12895,1435997226139,632.0
12896,1435997226159,616.0
12897,1435997226179,616.0
12898,1435997226198,608.0
12899,1435997226218,610.0
12900,1435997226239,610.0
12901,1435997226259,607.0
12902,1435997226280,607.0
12903,1435997226300,605.0
12904,1435997226320,605.0
12905,1435997226340,604.0
12906,1435997226359,604.0
12907,1435997226388,611.0
12908,1435997226450,611.0
12909,1435997226451,612.0
12910,1435997226452,604.0
12911,1435997226467,604.0
12912,1435997226478,604.0
12913,1435997226498,604.0
12914,1435997226520,607.0
12915,1435997226538,607.0
12916,1435997226558,617.0
12917,1435997226578,617.0
12918,1435997226601,625.0
12919,1435997226623,619.0
12920,1435997226638,619.0
12921,1435997226658,623.0
12922,1435997226678,623.0
12923,1435997226699,629.0
12924,1435997226723,629.0
12925,1435997226741,624.0
12926,1435997226761,624.0
12927,1435997226779,635.0
12928,1435997226800,635.0
12929,1435997226821,645.0
12930,1435997226840,644.0
12931,1435997226864,644.0
12932,1435997226880,636.0
12933,1435997226899,636.0
12934,1435997226919,621.0
12935,1435997226940,621.0
12936,1435997226962,610.0
12937,1435997226979,610.0
12938,1435997226999,615.0
12939,1435997227018,615.0
12940,1435997227045,622.0
12941,1435997227067,622.0
12942,1435997227079,622.0
12943,1435997227102,628.0
12944,1435997227123,628.0
12945,1435997227190,623.0
12946,1435997227191,623.0
12947,1435997227192,614.0
12948,1435997227201,614.0
12949,1435997227221,617.0
12950,1435997227239,617.0
12951,1435997227260,621.0
12952,1435997227283,628.0
12953,1435997227300,628.0
12954,1435997227319,640.0
12955,1435997227340,640.0
12956,1435997227361,626.0
12957,1435997227379,626.0
12958,1435997227401,609.0
12959,1435997227423,609.0
12960,1435997227441,611.0
12961,1435997227459,614.0
12962,1435997227479,614.0
12963,1435997227501,611.0
12964,1435997227523,611.0
12965,1435997227542,603.0
12966,1435997227562,603.0
12967,1435997227581,1136.0
12968,1435997227602,1136.0
12969,1435997227624,1387.0
12970,1435997227643,1387.0
12971,1435997227661,1422.0
12972,1435997227681,1454.0
12973,1435997227701,1454.0
12974,1435997227723,1427.0
12975,1435997227743,1427.0
12976,1435997227761,1232.0
12977,1435997227781,1232.0
12978,1435997227799,1325.0
12979,1435997227821,1325.0
12980,1435997227997,1218.0
12981,1435997227998,1218.0
12982,1435997227999,1096.0
12983,1435997228000,1386.0
12984,1435997228001,1386.0
12985,1435997228002,1514.0
12986,1435997228003,1514.0
12987,1435997228004,1727.0
12988,1435997228005,1727.0
12989,1435997228020,1640.0
12990,1435997228040,1640.0
12991,1435997228068,1540.0
12992,1435997228089,1540.0
12993,1435997228117,1589.0
12994,1435997228120,1698.0
12995,1435997228140,1698.0
12996,1435997228160,1684.0
12997,1435997228180,1684.0
12998,1435997228199,1601.0
12999,1435997228219,1601.0
13000,1435997228239,1598.0
13001,1435997228259,1598.0
13002,1435997228279,1666.0
13003,1435997228299,1616.0
13004,1435997228321,1616.0
13005,1435997228344,690.0
13006,1435997228373,690.0
13007,1435997228379,534.0
13008,1435997228399,534.0
13009,1435997228419,528.0
13010,1435997228439,528.0
13011,1435997228459,521.0
13012,1435997228479,521.0
13013,1435997228499,524.0
13014,1435997228519,518.0
13015,1435997228539,518.0
13016,1435997228559,487.0
13017,1435997228579,487.0
13018,1435997228599,477.0
13019,1435997228627,477.0
13020,1435997228643,472.0
13021,1435997228659,472.0
13022,1435997228680,462.0
13023,1435997228699,462.0
13024,1435997228719,455.0
13025,1435997228739,456.0
13026,1435997228759,456.0
13027,1435997228779,449.0
13028,1435997228799,449.0
13029,1435997228819,448.0
13030,1435997228839,448.0
13031,1435997228859,454.0
13032,1435997228883,454.0
13033,1435997228903,462.0
13034,1435997228921,462.0
13035,1435997228940,468.0
13036,1435997228961,466.0
13037,1435997228983,466.0
13038,1435997229003,464.0
13039,1435997229021,464.0
13040,1435997229044,466.0
13041,1435997229061,466.0
13042,1435997229080,459.0
13043,1435997229102,459.0
13044,1435997229121,452.0
13045,1435997229143,452.0
13046,1435997229163,456.0
13047,1435997229181,453.0
13048,1435997229201,453.0
13049,1435997229230,455.0
13050,1435997229312,455.0
13051,1435997229313,452.0
13052,1435997229314,452.0
13053,1435997229315,460.0
13054,1435997229329,460.0
13055,1435997229344,440.0
13056,1435997229363,419.0
13057,1435997229392,419.0
13058,1435997229425,402.0
13059,1435997229426,402.0
13060,1435997229451,390.0
13061,1435997229465,390.0
13062,1435997229491,383.0
13063,1435997229504,383.0
13064,1435997229524,384.0
13065,1435997229543,384.0
13066,1435997229561,382.0
13067,1435997229588,378.0
13068,1435997229603,378.0
13069,1435997229623,376.0
13070,1435997229644,376.0
13071,1435997229664,380.0
13072,1435997229685,380.0
13073,1435997229704,379.0
13074,1435997229724,379.0
13075,1435997229742,375.0
13076,1435997229761,375.0
13077,1435997229783,374.0
13078,1435997229801,372.0
13079,1435997229824,372.0
13080,1435997229844,380.0
13081,1435997229869,380.0
13082,1435997229892,383.0
13083,1435997229907,383.0
13084,1435997229926,375.0
13085,1435997229943,375.0
13086,1435997229964,369.0
13087,1435997229981,369.0
13088,1435997230048,362.0
13089,1435997230049,360.0
13090,1435997230050,360.0
13091,1435997230071,362.0
13092,1435997230082,362.0
13093,1435997230103,358.0
13094,1435997230123,358.0
13095,1435997230141,349.0
13096,1435997230163,349.0
13097,1435997230181,339.0
13098,1435997230205,341.0
13099,1435997230223,341.0
13100,1435997230243,342.0
13101,1435997230262,342.0
13102,1435997230283,335.0
13103,1435997230301,335.0
13104,1435997230324,336.0
13105,1435997230345,336.0
13106,1435997230365,330.0
13107,1435997230385,330.0
13108,1435997230405,326.0
13109,1435997230425,327.0
13110,1435997230448,327.0
13111,1435997230465,321.0
13112,1435997230484,321.0
13113,1435997230502,314.0
13114,1435997230526,314.0
13115,1435997230542,314.0
13116,1435997230566,314.0
13117,1435997230587,316.0
13118,1435997230610,316.0
13119,1435997230627,320.0
13120,1435997230645,328.0
13121,1435997230664,328.0
13122,1435997230683,334.0
13123,1435997230716,334.0
13124,1435997230768,338.0
13125,1435997230769,338.0
13126,1435997230770,323.0
13127,1435997230782,323.0
13128,1435997230802,322.0
13129,1435997230823,322.0
13130,1435997230844,328.0
13131,1435997230863,327.0
13132,1435997230883,327.0
13133,1435997230904,328.0
13134,1435997230924,328.0
13135,1435997230946,334.0
13136,1435997230963,334.0
13137,1435997230983,337.0
13138,1435997231006,337.0
13139,1435997231024,345.0
13140,1435997231046,345.0
13141,1435997231066,345.0
13142,1435997231086,348.0
13143,1435997231105,348.0
13144,1435997231124,347.0
13145,1435997231143,347.0
13146,1435997231164,342.0
13147,1435997231183,342.0
13148,1435997231206,345.0
13149,1435997231223,345.0
13150,1435997231243,350.0
13151,1435997231263,358.0
13152,1435997231289,358.0
13153,1435997231309,367.0
13154,1435997231329,367.0
13155,1435997231347,378.0
13156,1435997231362,378.0
13157,1435997231383,376.0
13158,1435997231403,376.0
13159,1435997231423,375.0
13160,1435997231446,375.0
13161,1435997231495,380.0
13162,1435997231496,377.0
13163,1435997231503,377.0
13164,1435997231527,378.0
13165,1435997231543,378.0
13166,1435997231566,381.0
13167,1435997231589,381.0
13168,1435997231634,365.0
13169,1435997231635,365.0
13170,1435997231665,349.0
13171,1435997231666,349.0
13172,1435997231684,338.0
13173,1435997231707,330.0
13174,1435997231726,330.0
13175,1435997231747,335.0
13176,1435997231764,335.0
13177,1435997231783,335.0
13178,1435997231803,335.0
13179,1435997231825,325.0
13180,1435997231845,325.0
13181,1435997231867,318.0
13182,1435997231888,318.0
13183,1435997231907,318.0
13184,1435997231926,320.0
13185,1435997231946,320.0
13186,1435997231966,320.0
13187,1435997231985,320.0
13188,1435997232003,313.0
13189,1435997232024,313.0
13190,1435997232048,303.0
13191,1435997232068,303.0
13192,1435997232090,302.0
13193,1435997232108,293.0
13194,1435997232126,293.0
13195,1435997232145,287.0
13196,1435997232166,287.0
13197,1435997232195,285.0
13198,1435997232266,285.0
13199,1435997232267,288.0
13200,1435997232268,288.0
13201,1435997232269,286.0
13202,1435997232284,286.0
13203,1435997232307,282.0
13204,1435997232324,279.0
13205,1435997232345,279.0
13206,1435997232366,284.0
13207,1435997232384,284.0
13208,1435997232406,282.0
13209,1435997232430,282.0
13210,1435997232449,277.0
13211,1435997232467,277.0
13212,1435997232486,269.0
13213,1435997232505,269.0
13214,1435997232526,260.0
13215,1435997232547,248.0
13216,1435997232566,248.0
13217,1435997232586,247.0
13218,1435997232606,247.0
13219,1435997232627,249.0
13220,1435997232646,249.0
13221,1435997232677,253.0
13222,1435997232707,253.0
13223,1435997232708,265.0
13224,1435997232727,270.0
13225,1435997232744,270.0
13226,1435997232766,270.0
13227,1435997232784,270.0
13228,1435997232804,270.0
13229,1435997232853,270.0
13230,1435997232854,268.0
13231,1435997232864,268.0
13232,1435997232888,267.0
13233,1435997232905,267.0
13234,1435997232931,266.0
13235,1435997232986,266.0
13236,1435997232987,266.0
13237,1435997232988,267.0
13238,1435997233004,267.0
13239,1435997233025,266.0
13240,1435997233045,266.0
13241,1435997233064,269.0
13242,1435997233085,269.0
13243,1435997233107,265.0
13244,1435997233124,265.0
13245,1435997233147,254.0
13246,1435997233169,258.0
13247,1435997233185,258.0
13248,1435997233204,256.0
13249,1435997233227,256.0
13250,1435997233245,257.0
13251,1435997233264,257.0
13252,1435997233284,260.0
13253,1435997233306,260.0
13254,1435997233327,262.0
13255,1435997233348,262.0
13256,1435997233367,262.0
13257,1435997233410,266.0
13258,1435997233411,266.0
13259,1435997233424,273.0
13260,1435997233447,273.0
13261,1435997233467,277.0
13262,1435997233487,277.0
13263,1435997233507,278.0
13264,1435997233524,278.0
13265,1435997233545,278.0
13266,1435997233566,278.0
13267,1435997233587,275.0
13268,1435997233608,271.0
13269,1435997233627,271.0
13270,1435997233645,265.0
13271,1435997233666,265.0
13272,1435997233728,265.0
13273,1435997233729,265.0
13274,1435997233730,268.0
13275,1435997233749,268.0
13276,1435997233765,273.0
13277,1435997233785,275.0
13278,1435997233805,275.0
13279,1435997233826,278.0
13280,1435997233845,278.0
13281,1435997233865,279.0
13282,1435997233888,279.0
13283,1435997233905,278.0
13284,1435997233926,278.0
13285,1435997233947,278.0
13286,1435997233966,278.0
13287,1435997233985,276.0
13288,1435997234005,277.0
13289,1435997234025,277.0
13290,1435997234047,280.0
13291,1435997234067,280.0
13292,1435997234087,278.0
13293,1435997234108,278.0
13294,1435997234125,276.0
13295,1435997234148,276.0
13296,1435997234167,269.0
13297,1435997234185,269.0
13298,1435997234206,264.0
13299,1435997234226,269.0
13300,1435997234247,269.0
13301,1435997234268,269.0
13302,1435997234288,269.0
13303,1435997234309,266.0
13304,1435997234327,266.0
13305,1435997234347,263.0
13306,1435997234367,263.0
13307,1435997234387,261.0
13308,1435997234408,261.0
13309,1435997234503,264.0
13310,1435997234504,265.0
13311,1435997234505,265.0
13312,1435997234506,265.0
13313,1435997234507,265.0
13314,1435997234529,265.0
13315,1435997234550,265.0
13316,1435997234566,265.0
13317,1435997234586,265.0
13318,1435997234620,265.0
13319,1435997234627,266.0
13320,1435997234647,266.0
13321,1435997234667,264.0
13322,1435997234689,264.0
13323,1435997234708,261.0
13324,1435997234728,261.0
13325,1435997234748,253.0
13326,1435997234766,253.0
13327,1435997234786,255.0
13328,1435997234807,255.0
13329,1435997234826,256.0
13330,1435997234847,259.0
13331,1435997234868,259.0
13332,1435997234887,258.0
13333,1435997234908,258.0
13334,1435997234927,259.0
13335,1435997234947,259.0
13336,1435997234967,261.0
13337,1435997234987,261.0
13338,1435997235009,264.0
13339,1435997235029,264.0
13340,1435997235049,267.0
13341,1435997235066,269.0
13342,1435997235087,269.0
13343,1435997235107,272.0
13344,1435997235127,272.0
13345,1435997235229,274.0
13346,1435997235230,274.0
13347,1435997235231,277.0
13348,1435997235232,277.0
13349,1435997235233,282.0
13350,1435997235248,282.0
13351,1435997235270,288.0
13352,1435997235288,283.0
13353,1435997235307,283.0
13354,1435997235327,277.0
13355,1435997235346,277.0
13356,1435997235368,280.0
13357,1435997235387,280.0
13358,1435997235408,280.0
13359,1435997235426,280.0
13360,1435997235448,284.0
13361,1435997235469,288.0
13362,1435997235488,288.0
13363,1435997235507,287.0
13364,1435997235527,287.0
13365,1435997235547,289.0
13366,1435997235567,289.0
13367,1435997235589,287.0
13368,1435997235609,287.0
13369,1435997235627,284.0
13370,1435997235648,284.0
13371,1435997235667,287.0
13372,1435997235688,291.0
13373,1435997235708,291.0
13374,1435997235728,297.0
13375,1435997235748,297.0
13376,1435997235767,301.0
13377,1435997235787,301.0
13378,1435997235807,300.0
13379,1435997235830,300.0
13380,1435997235850,286.0
13381,1435997235868,286.0
13382,1435997235937,280.0
13383,1435997235938,280.0
13384,1435997235939,280.0
13385,1435997235961,284.0
13386,1435997235967,284.0
13387,1435997235988,282.0
13388,1435997236011,282.0
13389,1435997236027,278.0
13390,1435997236047,278.0
13391,1435997236067,274.0
13392,1435997236089,274.0
13393,1435997236109,273.0
13394,1435997236129,274.0
13395,1435997236148,274.0
13396,1435997236169,278.0
13397,1435997236188,278.0
13398,1435997236207,282.0
13399,1435997236227,282.0
13400,1435997236248,289.0
13401,1435997236269,289.0
13402,1435997236290,293.0
13403,1435997236308,294.0
13404,1435997236328,294.0
13405,1435997236349,289.0
13406,1435997236370,289.0
13407,1435997236389,289.0
13408,1435997236408,289.0
13409,1435997236427,292.0
13410,1435997236448,292.0
13411,1435997236470,290.0
13412,1435997236492,290.0
13413,1435997236512,285.0
13414,1435997236528,284.0
13415,1435997236550,284.0
13416,1435997236569,290.0
13417,1435997236591,290.0
13418,1435997236610,293.0
13419,1435997236679,293.0
13420,1435997236680,298.0
13421,1435997236681,298.0
13422,1435997236703,293.0
13423,1435997236708,293.0
13424,1435997236729,293.0
13425,1435997236752,295.0
13426,1435997236768,295.0
13427,1435997236789,301.0
13428,1435997236809,301.0
13429,1435997236829,310.0
13430,1435997236849,310.0
13431,1435997236869,317.0
13432,1435997236888,317.0
13433,1435997236909,328.0
13434,1435997236930,328.0
13435,1435997236949,336.0
13436,1435997236968,327.0
13437,1435997236989,327.0
13438,1435997237011,327.0
13439,1435997237030,327.0
13440,1435997237051,331.0
13441,1435997237070,331.0
13442,1435997237091,338.0
13443,1435997237112,338.0
13444,1435997237130,333.0
13445,1435997237149,333.0
13446,1435997237168,331.0
13447,1435997237188,333.0
13448,1435997237212,333.0
13449,1435997237232,338.0
13450,1435997237253,338.0
13451,1435997237273,343.0
13452,1435997237292,343.0
13453,1435997237311,352.0
13454,1435997237329,352.0
13455,1435997237352,360.0
13456,1435997237420,369.0
13457,1435997237421,369.0
13458,1435997237422,375.0
13459,1435997237441,375.0
13460,1435997237449,373.0
13461,1435997237469,373.0
13462,1435997237493,374.0
13463,1435997237509,374.0
13464,1435997237529,380.0
13465,1435997237553,380.0
13466,1435997237569,383.0
13467,1435997237590,384.0
13468,1435997237611,384.0
13469,1435997237630,394.0
13470,1435997237649,394.0
13471,1435997237670,399.0
13472,1435997237691,399.0
13473,1435997237712,403.0
13474,1435997237732,403.0
13475,1435997237752,405.0
13476,1435997237771,405.0
13477,1435997237792,410.0
13478,1435997237811,416.0
13479,1435997237831,416.0
13480,1435997237849,422.0
13481,1435997237870,422.0
13482,1435997237892,412.0
13483,1435997237915,412.0
13484,1435997237932,411.0
13485,1435997237949,411.0
13486,1435997237969,409.0
13487,1435997237989,409.0
13488,1435997238010,412.0
13489,1435997238030,417.0
13490,1435997238050,417.0
13491,1435997238070,422.0
13492,1435997238096,422.0
13493,1435997238152,427.0
13494,1435997238153,427.0
13495,1435997238154,430.0
13496,1435997238176,430.0
13497,1435997238189,430.0
13498,1435997238214,446.0
13499,1435997238231,446.0
13500,1435997238253,428.0
13501,1435997238273,428.0
13502,1435997238291,527.0
13503,1435997238310,527.0
13504,1435997238331,747.0
13505,1435997238351,747.0
13506,1435997238370,497.0
13507,1435997238392,497.0
13508,1435997238410,450.0
13509,1435997238435,397.0
13510,1435997238449,397.0
13511,1435997238471,395.0
13512,1435997238490,395.0
13513,1435997238510,404.0
13514,1435997238532,404.0
13515,1435997238549,410.0
13516,1435997238578,410.0
13517,1435997238594,416.0
13518,1435997238664,416.0
13519,1435997238665,427.0
13520,1435997238666,432.0
13521,1435997238674,432.0
13522,1435997238690,441.0
13523,1435997238711,441.0
13524,1435997238730,447.0
13525,1435997238750,447.0
13526,1435997238771,448.0
13527,1435997238790,448.0
13528,1435997238811,452.0
13529,1435997238830,452.0
13530,1435997238850,451.0
13531,1435997238870,455.0
13532,1435997238905,455.0
13533,1435997238915,460.0
13534,1435997238931,460.0
13535,1435997238950,468.0
13536,1435997238970,468.0
13537,1435997238991,471.0
13538,1435997239010,471.0
13539,1435997239030,471.0
13540,1435997239053,474.0
13541,1435997239070,474.0
13542,1435997239090,474.0
13543,1435997239111,474.0
13544,1435997239130,474.0
13545,1435997239150,474.0
13546,1435997239170,472.0
13547,1435997239191,472.0
13548,1435997239209,473.0
13549,1435997239233,473.0
13550,1435997239254,479.0
13551,1435997239274,489.0
13552,1435997239293,489.0
13553,1435997239311,496.0
13554,1435997239332,496.0
13555,1435997239352,499.0
13556,1435997239375,499.0
13557,1435997239394,505.0
13558,1435997239412,505.0
13559,1435997239440,512.0
13560,1435997239449,512.0
13561,1435997239474,528.0
13562,1435997239493,528.0
13563,1435997239511,528.0
13564,1435997239531,522.0
13565,1435997239551,522.0
13566,1435997239573,526.0
13567,1435997239600,526.0
13568,1435997239612,528.0
13569,1435997239630,528.0
13570,1435997239649,539.0
13571,1435997239669,539.0
13572,1435997239695,539.0
13573,1435997239710,545.0
13574,1435997239731,545.0
13575,1435997239753,545.0
13576,1435997239772,545.0
13577,1435997239791,548.0
13578,1435997239810,548.0
13579,1435997239834,553.0
13580,1435997239855,553.0
13581,1435997239873,569.0
13582,1435997239892,581.0
13583,1435997239914,581.0
13584,1435997239932,585.0
13585,1435997239952,585.0
13586,1435997239973,596.0
13587,1435997239995,596.0
13588,1435997240014,604.0
13589,1435997240033,604.0
13590,1435997240050,599.0
13591,1435997240073,599.0
13592,1435997240091,598.0
13593,1435997240112,599.0
13594,1435997240132,599.0
13595,1435997240152,609.0
13596,1435997240173,609.0
13597,1435997240195,626.0
13598,1435997240286,626.0
13599,1435997240287,650.0
13600,1435997240288,650.0
13601,1435997240289,619.0
13602,1435997240296,619.0
13603,1435997240313,625.0
13604,1435997240336,627.0
13605,1435997240351,627.0
13606,1435997240371,639.0
13607,1435997240409,639.0
13608,1435997240413,642.0
13609,1435997240433,642.0
13610,1435997240452,646.0
13611,1435997240476,646.0
13612,1435997240494,661.0
13613,1435997240513,661.0
13614,1435997240533,662.0
13615,1435997240551,665.0
13616,1435997240574,665.0
13617,1435997240595,672.0
13618,1435997240615,672.0
13619,1435997240631,673.0
13620,1435997240654,673.0
13621,1435997240675,681.0
13622,1435997240694,681.0
13623,1435997240715,692.0
13624,1435997240732,692.0
13625,1435997240754,688.0
13626,1435997240775,682.0
13627,1435997240796,682.0
13628,1435997240812,669.0
13629,1435997240839,669.0
13630,1435997240856,663.0
13631,1435997240875,663.0
13632,1435997240894,668.0
13633,1435997240913,668.0
13634,1435997240932,671.0
13635,1435997241006,677.0
13636,1435997241007,677.0
13637,1435997241020,688.0
13638,1435997241021,688.0
13639,1435997241037,707.0
13640,1435997241054,707.0
13641,1435997241076,712.0
13642,1435997241092,712.0
13643,1435997241119,717.0
13644,1435997241146,717.0
13645,1435997241153,713.0
13646,1435997241179,729.0
13647,1435997241195,729.0
13648,1435997241214,733.0
13649,1435997241234,733.0
13650,1435997241252,735.0
13651,1435997241273,735.0
13652,1435997241296,731.0
13653,1435997241316,731.0
13654,1435997241335,735.0
13655,1435997241356,735.0
13656,1435997241375,743.0
13657,1435997241395,749.0
13658,1435997241413,749.0
13659,1435997241433,749.0
13660,1435997241453,749.0
13661,1435997241474,749.0
13662,1435997241494,749.0
13663,1435997241514,754.0
13664,1435997241536,754.0
13665,1435997241559,767.0
13666,1435997241575,767.0
13667,1435997241595,776.0
13668,1435997241617,782.0
13669,1435997241636,782.0
13670,1435997241660,771.0
13671,1435997241806,771.0
13672,1435997241807,769.0
13673,1435997241808,769.0
13674,1435997241809,772.0
13675,1435997241810,772.0
13676,1435997241811,1313.0
13677,1435997241812,2149.0
13678,1435997241818,2149.0
13679,1435997241837,1934.0
13680,1435997241854,1934.0
13681,1435997241874,1017.0
13682,1435997241894,1017.0
13683,1435997241913,760.0
13684,1435997241933,760.0
13685,1435997241958,761.0
13686,1435997241974,761.0
13687,1435997242023,767.0
13688,1435997242024,778.0
13689,1435997242033,778.0
13690,1435997242053,786.0
13691,1435997242078,786.0
13692,1435997242099,797.0
13693,1435997242117,797.0
13694,1435997242138,806.0
13695,1435997242158,806.0
13696,1435997242186,797.0
13697,1435997242194,797.0
13698,1435997242213,792.0
13699,1435997242235,793.0
13700,1435997242253,793.0
13701,1435997242273,798.0
13702,1435997242295,798.0
13703,1435997242317,794.0
13704,1435997242337,794.0
13705,1435997242358,803.0
13706,1435997242376,803.0
13707,1435997242406,814.0
13708,1435997242464,814.0
13709,1435997242475,819.0
13710,1435997242478,826.0
13711,1435997242479,826.0
13712,1435997242494,832.0
13713,1435997242513,832.0
13714,1435997242533,838.0
13715,1435997242554,838.0
13716,1435997242583,840.0
13717,1435997242592,840.0
13718,1435997242612,1357.0
13719,1435997242632,2552.0
13720,1435997242652,857.0
13721,1435997242672,830.0
13722,1435997242692,830.0
13723,1435997242712,832.0
13724,1435997242733,832.0
13725,1435997242752,847.0
13726,1435997242772,847.0
13727,1435997242792,853.0
13728,1435997242812,853.0
13729,1435997242832,852.0
13730,1435997242852,872.0
13731,1435997242872,872.0
13732,1435997242898,875.0
13733,1435997242917,875.0
13734,1435997242937,875.0
13735,1435997242957,875.0
13736,1435997242975,884.0
13737,1435997242993,884.0
13738,1435997243015,897.0
13739,1435997243039,897.0
13740,1435997243076,911.0
13741,1435997243077,922.0
13742,1435997243094,922.0
13743,1435997243114,937.0
13744,1435997243133,937.0
13745,1435997243154,936.0
13746,1435997243174,936.0
13747,1435997243197,936.0
13748,1435997243215,936.0
13749,1435997243235,941.0
13750,1435997243254,941.0
13751,1435997243276,956.0
13752,1435997243296,955.0
13753,1435997243316,955.0
13754,1435997243336,964.0
13755,1435997243356,964.0
13756,1435997243378,968.0
13757,1435997243430,968.0
13758,1435997243431,973.0
13759,1435997243435,973.0
13760,1435997243455,987.0
13761,1435997243476,987.0
13762,1435997243494,997.0
13763,1435997243514,999.0
13764,1435997243536,999.0
13765,1435997243556,1007.0
13766,1435997243580,1007.0
13767,1435997243598,1028.0
13768,1435997243617,1028.0
13769,1435997243636,1034.0
13770,1435997243656,1034.0
13771,1435997243676,1045.0
13772,1435997243746,1059.0
13773,1435997243747,1059.0
13774,1435997243748,1082.0
13775,1435997243766,1082.0
13776,1435997243777,1086.0
13777,1435997243795,1086.0
13778,1435997243817,1083.0
13779,1435997243835,1083.0
13780,1435997243860,1084.0
13781,1435997243875,1084.0
13782,1435997243896,1088.0
13783,1435997243915,1098.0
13784,1435997243935,1098.0
13785,1435997243959,1133.0
13786,1435997243977,1133.0
13787,1435997243997,1222.0
13788,1435997244016,1222.0
13789,1435997244035,1122.0
13790,1435997244055,1122.0
13791,1435997244075,1131.0
13792,1435997244096,1131.0
13793,1435997244117,1142.0
13794,1435997244137,1255.0
13795,1435997244161,1255.0
13796,1435997244179,1574.0
13797,1435997244198,1574.0
13798,1435997244221,1273.0
13799,1435997244241,1273.0
13800,1435997244261,1233.0
13801,1435997244279,1233.0
13802,1435997244297,1201.0
13803,1435997244315,1201.0
13804,1435997244336,1211.0
13805,1435997244356,1226.0
13806,1435997244376,1226.0
13807,1435997244400,1234.0
13808,1435997244417,1234.0
13809,1435997244439,1243.0
13810,1435997244516,1243.0
13811,1435997244517,1255.0
13812,1435997244518,1255.0
13813,1435997244519,1328.0
13814,1435997244538,1661.0
13815,1435997244577,1661.0
13816,1435997244578,1418.0
13817,1435997244603,1418.0
13818,1435997244649,1283.0
13819,1435997244650,1283.0
13820,1435997244655,1288.0
13821,1435997244676,1288.0
13822,1435997244696,1313.0
13823,1435997244715,1313.0
13824,1435997244736,1393.0
13825,1435997244756,1318.0
13826,1435997244777,1318.0
13827,1435997244798,1340.0
13828,1435997244817,1340.0
13829,1435997244836,1377.0
13830,1435997244856,1377.0
13831,1435997244876,1367.0
13832,1435997244897,1367.0
13833,1435997244919,1377.0
13834,1435997244936,1377.0
13835,1435997244958,1387.0
13836,1435997244980,1392.0
13837,1435997244999,1392.0
13838,1435997245019,1394.0
13839,1435997245038,1394.0
13840,1435997245057,1392.0
13841,1435997245077,1392.0
13842,1435997245096,1393.0
13843,1435997245118,1393.0
13844,1435997245139,1404.0
13845,1435997245160,1404.0
13846,1435997245178,1412.0
13847,1435997245247,1425.0
13848,1435997245248,1425.0
13849,1435997245249,1439.0
13850,1435997245271,1439.0
13851,1435997245279,1823.0
13852,1435997245297,1823.0
13853,1435997245319,1489.0
13854,1435997245336,1489.0
13855,1435997245356,1509.0
13856,1435997245378,1499.0
13857,1435997245398,1499.0
13858,1435997245419,1513.0
13859,1435997245439,1513.0
13860,1435997245459,1525.0
13861,1435997245477,1525.0
13862,1435997245497,1520.0
13863,1435997245517,1520.0
13864,1435997245537,1699.0
13865,1435997245557,1699.0
13866,1435997245577,1641.0
13867,1435997245598,1575.0
13868,1435997245618,1575.0
13869,1435997245638,2030.0
13870,1435997245661,2030.0
13871,1435997245678,1570.0
13872,1435997245697,1570.0
13873,1435997245718,1585.0
13874,1435997245739,1585.0
13875,1435997245759,1595.0
13876,1435997245777,1595.0
13877,1435997245797,1773.0
13878,1435997245817,1644.0
13879,1435997245837,1644.0
13880,1435997245856,5667.0
13881,1435997245878,5667.0
13882,1435997245898,9231.0
13883,1435997245918,9231.0
13884,1435997245938,10074.0
13885,1435997245992,10074.0
13886,1435997245993,10014.0
13887,1435997245997,10014.0
13888,1435997246017,10531.0
13889,1435997246039,10686.0
13890,1435997246058,10686.0
13891,1435997246077,11087.0
13892,1435997246098,11087.0
13893,1435997246118,11233.0
13894,1435997246137,11233.0
13895,1435997246158,11513.0
13896,1435997246179,11513.0
13897,1435997246198,13123.0
13898,1435997246218,13123.0
13899,1435997246238,11451.0
13900,1435997246259,10677.0
13901,1435997246277,10677.0
13902,1435997246298,10658.0
13903,1435997246317,10658.0
13904,1435997246339,10870.0
13905,1435997246358,10870.0
13906,1435997246378,10631.0
13907,1435997246398,10631.0
13908,1435997246418,11555.0
13909,1435997246439,11692.0
13910,1435997246458,11692.0
13911,1435997246477,13407.0
13912,1435997246499,13407.0
13913,1435997246520,12791.0
13914,1435997246540,12791.0
13915,1435997246560,12331.0
13916,1435997246577,12331.0
13917,1435997246600,11639.0
13918,1435997246619,11639.0
13919,1435997246638,10882.0
13920,1435997246667,10413.0
13921,1435997246741,10413.0
13922,1435997246742,10493.0
13923,1435997246743,10493.0
13924,1435997246744,10341.0
13925,1435997246759,10341.0
13926,1435997246778,11052.0
13927,1435997246799,11052.0
13928,1435997246818,16088.0
13929,1435997246838,16088.0
13930,1435997246858,15608.0
13931,1435997246879,11861.0
13932,1435997246899,11861.0
13933,1435997246919,11557.0
13934,1435997246940,11557.0
13935,1435997246959,11222.0
13936,1435997246977,11222.0
13937,1435997246999,10881.0
13938,1435997247018,10881.0
13939,1435997247040,12452.0
13940,1435997247060,12452.0
13941,1435997247080,10815.0
13942,1435997247099,11285.0
13943,1435997247119,11285.0
13944,1435997247138,10448.0
13945,1435997247159,10448.0
13946,1435997247181,11252.0
13947,1435997247202,11252.0
13948,1435997247223,11803.0
13949,1435997247240,11803.0
13950,1435997247260,14858.0
13951,1435997247278,11946.0
13952,1435997247299,11312.0
13953,1435997247323,11357.0
13954,1435997247342,11357.0
13955,1435997247361,11480.0
13956,1435997247380,11480.0
13957,1435997247399,11042.0
13958,1435997247455,11042.0
13959,1435997247456,10327.0
13960,1435997247459,10327.0
13961,1435997247480,9950.0
13962,1435997247499,9565.0
13963,1435997247521,9565.0
13964,1435997247538,9329.0
13965,1435997247559,9329.0
13966,1435997247579,9509.0
13967,1435997247599,9509.0
13968,1435997247619,9903.0
13969,1435997247639,9903.0
13970,1435997247661,10513.0
13971,1435997247681,10513.0
13972,1435997247701,10939.0
13973,1435997247721,10951.0
13974,1435997247739,10951.0
13975,1435997247758,10217.0
13976,1435997247779,10217.0
13977,1435997247801,10077.0
13978,1435997247823,10077.0
13979,1435997247844,10511.0
13980,1435997247859,10511.0
13981,1435997247879,8676.0
13982,1435997247901,8676.0
13983,1435997247921,9077.0
13984,1435997247941,8130.0
13985,1435997247960,8130.0
13986,1435997247979,7819.0
13987,1435997248000,7819.0
13988,1435997248023,7958.0
13989,1435997248041,7958.0
13990,1435997248061,7781.0
13991,1435997248079,7781.0
13992,1435997248101,7596.0
13993,1435997248121,7858.0
13994,1435997248193,7616.0
13995,1435997248194,7113.0
13996,1435997248195,7113.0
13997,1435997248201,7272.0
13998,1435997248249,7272.0
13999,1435997248250,7570.0
14000,1435997248325,7570.0
14001,1435997248326,7238.0
14002,1435997248327,7238.0
14003,1435997248328,7112.0
14004,1435997248493,7457.0
14005,1435997248494,7457.0
14006,1435997248495,8006.0
14007,1435997248496,8006.0
14008,1435997248497,8177.0
14009,1435997248498,8177.0
14010,1435997248499,8319.0
14011,1435997248500,8319.0
14012,1435997248530,7923.0
14013,1435997248531,7923.0
14014,1435997248558,8157.0
14015,1435997248559,7925.0
14016,1435997248582,7925.0
14017,1435997248599,8206.0
14018,1435997248619,8206.0
14019,1435997248644,8219.0
14020,1435997248659,8219.0
14021,1435997248679,7917.0
14022,1435997248698,7917.0
14023,1435997248718,7653.0
14024,1435997248738,7653.0
14025,1435997248758,7642.0
14026,1435997248779,8206.0
14027,1435997248798,8206.0
14028,1435997248818,7795.0
14029,1435997248838,7795.0
14030,1435997248858,7074.0
14031,1435997248878,7074.0
14032,1435997248898,6423.0
14033,1435997248918,6423.0
14034,1435997248938,6592.0
14035,1435997248958,6592.0
14036,1435997248979,7028.0
14037,1435997248999,7546.0
14038,1435997249018,7546.0
14039,1435997249039,6880.0
14040,1435997249059,6880.0
14041,1435997249078,7069.0
14042,1435997249098,7069.0
14043,1435997249119,7601.0
14044,1435997249139,7601.0
14045,1435997249158,7133.0
14046,1435997249178,6843.0
14047,1435997249198,6843.0
14048,1435997249218,6219.0
14049,1435997249238,6219.0
14050,1435997249259,5765.0
14051,1435997249279,5765.0
14052,1435997249299,5802.0
14053,1435997249319,5802.0
14054,1435997249344,6210.0
14055,1435997249362,6210.0
14056,1435997249379,6713.0
14057,1435997249404,7152.0
14058,1435997249423,7152.0
14059,1435997249441,7477.0
14060,1435997249461,7477.0
14061,1435997249482,7638.0
14062,1435997249501,7638.0
14063,1435997249520,7985.0
14064,1435997249541,7985.0
14065,1435997249560,7978.0
14066,1435997249581,7978.0
14067,1435997249599,7109.0
14068,1435997249623,7256.0
14069,1435997249642,7256.0
14070,1435997249660,6677.0
14071,1435997249680,6677.0
14072,1435997249704,5923.0
14073,1435997249724,5923.0
14074,1435997249744,6096.0
14075,1435997249764,6096.0
14076,1435997249785,5848.0
14077,1435997249823,5848.0
14078,1435997249824,6074.0
14079,1435997249840,6427.0
14080,1435997249860,6427.0
14081,1435997249880,6432.0
14082,1435997249900,6432.0
14083,1435997249920,5437.0
14084,1435997249940,5437.0
14085,1435997249960,4684.0
14086,1435997249980,4684.0
14087,1435997250000,4570.0
14088,1435997250020,4516.0
14089,1435997250044,4544.0
14090,1435997250062,5020.0
14091,1435997250084,5020.0
14092,1435997250104,5550.0
14093,1435997250124,5550.0
14094,1435997250142,5526.0
14095,1435997250168,5526.0
14096,1435997250209,5054.0
14097,1435997250210,5054.0
14098,1435997250230,5205.0
14099,1435997250240,5883.0
14100,1435997250262,5883.0
14101,1435997250280,6282.0
14102,1435997250305,6282.0
14103,1435997250320,5951.0
14104,1435997250343,5951.0
14105,1435997250360,5700.0
14106,1435997250382,5700.0
14107,1435997250405,6405.0
14108,1435997250421,6405.0
14109,1435997250445,6598.0
14110,1435997250464,6946.0
14111,1435997250484,6946.0
14112,1435997250505,7575.0
14113,1435997250524,7575.0
14114,1435997250542,8055.0
14115,1435997250563,8055.0
14116,1435997250581,8627.0
14117,1435997250604,8627.0
14118,1435997250624,8796.0
14119,1435997250645,8796.0
14120,1435997250664,8860.0
14121,1435997250683,8696.0
14122,1435997250701,8696.0
14123,1435997250723,7972.0
14124,1435997250743,7972.0
14125,1435997250764,7591.0
14126,1435997250785,7591.0
14127,1435997250805,7192.0
14128,1435997250824,7192.0
14129,1435997250842,7224.0
14130,1435997250909,7124.0
14131,1435997250910,7308.0
14132,1435997250911,7575.0
14133,1435997250927,7575.0
14134,1435997250943,7492.0
14135,1435997250971,7492.0
14136,1435997250984,7127.0
14137,1435997251003,7127.0
14138,1435997251025,6903.0
14139,1435997251044,6903.0
14140,1435997251063,6913.0
14141,1435997251082,6627.0
14142,1435997251104,6627.0
14143,1435997251125,6015.0
14144,1435997251145,6015.0
14145,1435997251165,5877.0
14146,1435997251186,5877.0
14147,1435997251205,6307.0
14148,1435997251224,6307.0
14149,1435997251242,6870.0
14150,1435997251262,6870.0
14151,1435997251283,7022.0
14152,1435997251306,6818.0
14153,1435997251322,6818.0
14154,1435997251345,7076.0
14155,1435997251366,7076.0
14156,1435997251386,6971.0
14157,1435997251406,6971.0
14158,1435997251425,6827.0
14159,1435997251445,6827.0
14160,1435997251463,6360.0
14161,1435997251482,6360.0
14162,1435997251504,5114.0
14163,1435997251529,4470.0
14164,1435997251547,4470.0
14165,1435997251564,4292.0
14166,1435997251676,4292.0
14167,1435997251677,4148.0
14168,1435997251678,4148.0
14169,1435997251679,3625.0
14170,1435997251680,3625.0
14171,1435997251694,3627.0
14172,1435997251702,3627.0
14173,1435997251724,3777.0
14174,1435997251743,4093.0
14175,1435997251762,4093.0
14176,1435997251787,3844.0
14177,1435997251804,3844.0
14178,1435997251830,3791.0
14179,1435997251844,3791.0
14180,1435997251862,3434.0
14181,1435997251884,3434.0
14182,1435997251903,3337.0
14183,1435997251923,3138.0
14184,1435997251945,3138.0
14185,1435997251966,3085.0
14186,1435997251986,3085.0
14187,1435997252006,3010.0
14188,1435997252026,3010.0
14189,1435997252049,3035.0
14190,1435997252065,3035.0
14191,1435997252085,2998.0
14192,1435997252103,2998.0
14193,1435997252123,3076.0
14194,1435997252144,3160.0
14195,1435997252167,3160.0
14196,1435997252187,3184.0
14197,1435997252208,3184.0
14198,1435997252225,2996.0
14199,1435997252244,2996.0
14200,1435997252263,2889.0
14201,1435997252283,2889.0
14202,1435997252303,2867.0
14203,1435997252327,2867.0
14204,1435997252378,2798.0
14205,1435997252393,2664.0
14206,1435997252394,2664.0
14207,1435997252403,2714.0
14208,1435997252431,2714.0
14209,1435997252444,2781.0
14210,1435997252464,2781.0
14211,1435997252485,2833.0
14212,1435997252503,2833.0
14213,1435997252531,2838.0
14214,1435997252554,2838.0
14215,1435997252567,2918.0
14216,1435997252588,2943.0
14217,1435997252607,2943.0
14218,1435997252627,2931.0
14219,1435997252644,2931.0
14220,1435997252663,2898.0
14221,1435997252697,2898.0
14222,1435997252705,2854.0
14223,1435997252724,2854.0
14224,1435997252743,2848.0
14225,1435997252763,2934.0
14226,1435997252784,2934.0
14227,1435997252807,3002.0
14228,1435997252824,3002.0
14229,1435997252843,3067.0
14230,1435997252867,3067.0
14231,1435997252884,3151.0
14232,1435997252906,3151.0
14233,1435997252925,3238.0
14234,1435997252945,3238.0
14235,1435997252967,3380.0
14236,1435997252987,3838.0
14237,1435997253007,3838.0
14238,1435997253026,4356.0
14239,1435997253044,4356.0
14240,1435997253138,4788.0
14241,1435997253139,4788.0
14242,1435997253140,5117.0
14243,1435997253141,5117.0
14244,1435997253151,5850.0
14245,1435997253167,5850.0
14246,1435997253190,5688.0
14247,1435997253204,5965.0
14248,1435997253223,5965.0
14249,1435997253244,6262.0
14250,1435997253265,6262.0
14251,1435997253284,6482.0
14252,1435997253307,6482.0
14253,1435997253327,5826.0
14254,1435997253346,5826.0
14255,1435997253365,4946.0
14256,1435997253384,4946.0
14257,1435997253430,4815.0
14258,1435997253431,4522.0
14259,1435997253447,4522.0
14260,1435997253467,4289.0
14261,1435997253485,4289.0
14262,1435997253503,4668.0
14263,1435997253525,4668.0
14264,1435997253548,5517.0
14265,1435997253567,5517.0
14266,1435997253587,6200.0
14267,1435997253607,5973.0
14268,1435997253637,6547.0
14269,1435997253645,6246.0
14270,1435997253667,6246.0
14271,1435997253688,5652.0
14272,1435997253706,5652.0
14273,1435997253727,5391.0
14274,1435997253745,5391.0
14275,1435997253765,4856.0
14276,1435997253829,4856.0
14277,1435997253830,4520.0
14278,1435997253831,4210.0
14279,1435997253851,4210.0
14280,1435997253864,4268.0
14281,1435997253886,4268.0
14282,1435997253905,4708.0
14283,1435997253925,4708.0
14284,1435997253951,5135.0
14285,1435997253980,5135.0
14286,1435997253986,5352.0
14287,1435997254012,5352.0
14288,1435997254026,5613.0
14289,1435997254046,5555.0
14290,1435997254067,5555.0
14291,1435997254086,5803.0
14292,1435997254105,5803.0
14293,1435997254125,6018.0
14294,1435997254146,6018.0
14295,1435997254167,6635.0
14296,1435997254187,6635.0
14297,1435997254207,7033.0
14298,1435997254229,7033.0
14299,1435997254247,7356.0
14300,1435997254268,7362.0
14301,1435997254286,7362.0
14302,1435997254305,7385.0
14303,1435997254326,7385.0
14304,1435997254349,7770.0
14305,1435997254365,7770.0
14306,1435997254385,7603.0
14307,1435997254406,7603.0
14308,1435997254425,7358.0
14309,1435997254445,7358.0
14310,1435997254465,7000.0
14311,1435997254485,7253.0
14312,1435997254558,7253.0
14313,1435997254559,6164.0
14314,1435997254560,6164.0
14315,1435997254566,5100.0
14316,1435997254590,5100.0
14317,1435997254606,4749.0
14318,1435997254628,4749.0
14319,1435997254645,5119.0
14320,1435997254666,5700.0
14321,1435997254686,5700.0
14322,1435997254709,6552.0
14323,1435997254726,6552.0
14324,1435997254746,7046.0
14325,1435997254769,7046.0
14326,1435997254786,7258.0
14327,1435997254806,7258.0
14328,1435997254825,7209.0
14329,1435997254845,7209.0
14330,1435997254866,7198.0
14331,1435997254886,6531.0
14332,1435997254907,6531.0
14333,1435997254927,6439.0
14334,1435997254946,6439.0
14335,1435997254969,6376.0
14336,1435997254988,6376.0
14337,1435997255009,5943.0
14338,1435997255026,5943.0
14339,1435997255047,6761.0
14340,1435997255067,6761.0
14341,1435997255087,6734.0
14342,1435997255107,7012.0
14343,1435997255126,7012.0
14344,1435997255148,7228.0
14345,1435997255167,7228.0
14346,1435997255188,7252.0
14347,1435997255208,7252.0
14348,1435997255231,6919.0
14349,1435997255250,6919.0
14350,1435997255268,6506.0
14351,1435997255336,6506.0
14352,1435997255337,6565.0
14353,1435997255338,6236.0
14354,1435997255356,6236.0
14355,1435997255366,6293.0
14356,1435997255392,6293.0
14357,1435997255407,6149.0
14358,1435997255428,6149.0
14359,1435997255447,5468.0
14360,1435997255467,5468.0
14361,1435997255488,5737.0
14362,1435997255509,5634.0
14363,1435997255526,6594.0
14364,1435997255546,6307.0
14365,1435997255567,6307.0
14366,1435997255588,6255.0
14367,1435997255608,6255.0
14368,1435997255627,5738.0
14369,1435997255649,5738.0
14370,1435997255668,4710.0
14371,1435997255687,4710.0
14372,1435997255706,4221.0
14373,1435997255727,4008.0
14374,1435997255747,4008.0
14375,1435997255767,3928.0
14376,1435997255787,3928.0
14377,1435997255807,4623.0
14378,1435997255826,4623.0
14379,1435997255850,5337.0
14380,1435997255884,5337.0
14381,1435997255892,5326.0
14382,1435997255906,5326.0
14383,1435997255926,5442.0
14384,1435997255947,5904.0
14385,1435997255970,5904.0
14386,1435997255995,5990.0
14387,1435997256006,5990.0
14388,1435997256033,5355.0
14389,1435997256058,5355.0
14390,1435997256067,5237.0
14391,1435997256089,5237.0
14392,1435997256107,5075.0
14393,1435997256127,5075.0
14394,1435997256147,5277.0
14395,1435997256168,4859.0
14396,1435997256188,4859.0
14397,1435997256206,4659.0
14398,1435997256227,4659.0
14399,1435997256247,4651.0
14400,1435997256267,4651.0
14401,1435997256288,4783.0
14402,1435997256309,4783.0
14403,1435997256328,4727.0
14404,1435997256348,5024.0
14405,1435997256367,4375.0
14406,1435997256387,4321.0
14407,1435997256409,4321.0
14408,1435997256427,4631.0
14409,1435997256448,4631.0
14410,1435997256469,5280.0
14411,1435997256488,5280.0
14412,1435997256509,5349.0
14413,1435997256530,5349.0
14414,1435997256549,5741.0
14415,1435997256569,5789.0
14416,1435997256588,5789.0
14417,1435997256608,6598.0
14418,1435997256627,6598.0
14419,1435997256648,6642.0
14420,1435997256667,6642.0
14421,1435997256689,6869.0
14422,1435997256709,6869.0
14423,1435997256729,6472.0
14424,1435997256820,6472.0
14425,1435997256821,6244.0
14426,1435997256822,4952.0
14427,1435997256823,4952.0
14428,1435997256836,3369.0
14429,1435997256847,3369.0
14430,1435997256869,3225.0
14431,1435997256888,3225.0
14432,1435997256907,3178.0
14433,1435997256928,3178.0
14434,1435997256948,3243.0
14435,1435997256968,3243.0
14436,1435997256989,3301.0
14437,1435997257008,3412.0
14438,1435997257028,3412.0
14439,1435997257049,3441.0
14440,1435997257068,3441.0
14441,1435997257087,3550.0
14442,1435997257108,3550.0
14443,1435997257129,3600.0
14444,1435997257150,3600.0
14445,1435997257170,3608.0
14446,1435997257189,3536.0
14447,1435997257208,3685.0
14448,1435997257227,3607.0
14449,1435997257251,3607.0
14450,1435997257271,3671.0
14451,1435997257291,3671.0
14452,1435997257309,4189.0
14453,1435997257328,4189.0
14454,1435997257348,5036.0
14455,1435997257370,5036.0
14456,1435997257390,5680.0
14457,1435997257411,6048.0
14458,1435997257430,6048.0
14459,1435997257451,6560.0
14460,1435997257469,6560.0
14461,1435997257542,7251.0
14462,1435997257543,7251.0
14463,1435997257544,7364.0
14464,1435997257551,7364.0
14465,1435997257569,7629.0
14466,1435997257593,7629.0
14467,1435997257609,8286.0
14468,1435997257628,8918.0
14469,1435997257648,8918.0
14470,1435997257669,9175.0
14471,1435997257689,9175.0
14472,1435997257710,8837.0
14473,1435997257728,8837.0
14474,1435997257750,9095.0
14475,1435997257769,9095.0
14476,1435997257789,9028.0
14477,1435997257809,9028.0
14478,1435997257829,8423.0
14479,1435997257851,8569.0
14480,1435997257871,8569.0
14481,1435997257891,8025.0
14482,1435997257910,8025.0
14483,1435997257934,8013.0
14484,1435997257951,8013.0
14485,1435997257970,7297.0
14486,1435997257989,7297.0
14487,1435997258008,6099.0
14488,1435997258028,6099.0
14489,1435997258049,6021.0
14490,1435997258069,6403.0
14491,1435997258089,6403.0
14492,1435997258109,7070.0
14493,1435997258129,7070.0
14494,1435997258149,7934.0
14495,1435997258169,7934.0
14496,1435997258189,7622.0
14497,1435997258213,7622.0
14498,1435997258239,7978.0
14499,1435997258254,7970.0
14500,1435997258269,8124.0
14501,1435997258290,7732.0
14502,1435997258310,7732.0
14503,1435997258329,7445.0
14504,1435997258349,7445.0
14505,1435997258383,7100.0
14506,1435997258402,7100.0
14507,1435997258409,6291.0
14508,1435997258435,6291.0
14509,1435997258450,6589.0
14510,1435997258471,6837.0
14511,1435997258489,6837.0
14512,1435997258509,6739.0
14513,1435997258529,6739.0
14514,1435997258550,6559.0
14515,1435997258570,6559.0
14516,1435997258589,6539.0
14517,1435997258663,6539.0
14518,1435997258664,6504.0
14519,1435997258665,6504.0
14520,1435997258669,6183.0
14521,1435997258692,5693.0
14522,1435997258712,5693.0
14523,1435997258729,5283.0
14524,1435997258748,5283.0
14525,1435997258771,5641.0
14526,1435997258792,5641.0
14527,1435997258812,6019.0
14528,1435997258830,6019.0
14529,1435997258848,5840.0
14530,1435997258870,5840.0
14531,1435997258890,6199.0
14532,1435997258912,6220.0
14533,1435997258940,6220.0
14534,1435997258955,6751.0
14535,1435997258968,6751.0
14536,1435997258988,8459.0
14537,1435997259010,8459.0
14538,1435997259030,8703.0
14539,1435997259050,8703.0
14540,1435997259072,8637.0
14541,1435997259091,8453.0
14542,1435997259110,8634.0
14543,1435997259129,8308.0
14544,1435997259151,8308.0
14545,1435997259172,7378.0
14546,1435997259193,7378.0
14547,1435997259214,6632.0
14548,1435997259233,6632.0
14549,1435997259251,6246.0
14550,1435997259274,6246.0
14551,1435997259292,6190.0
14552,1435997259314,6937.0
14553,1435997259332,6937.0
14554,1435997259354,8190.0
14555,1435997259374,8190.0
14556,1435997259392,8920.0
14557,1435997259410,8920.0
14558,1435997259430,7980.0
14559,1435997259454,7980.0
14560,1435997259475,7903.0
14561,1435997259495,7903.0
14562,1435997259513,8093.0
14563,1435997259533,7287.0
14564,1435997259594,7287.0
14565,1435997259595,6963.0
14566,1435997259596,6963.0
14567,1435997259624,6747.0
14568,1435997259630,6747.0
14569,1435997259654,6673.0
14570,1435997259696,6673.0
14571,1435997259697,6813.0
14572,1435997259710,6813.0
14573,1435997259730,6756.0
14574,1435997259753,6779.0
14575,1435997259770,6779.0
14576,1435997259793,7067.0
14577,1435997259814,7067.0
14578,1435997259831,7032.0
14579,1435997259850,7032.0
14580,1435997259873,7214.0
14581,1435997259893,7214.0
14582,1435997259913,7420.0
14583,1435997259933,7932.0
14584,1435997259953,6946.0
14585,1435997259975,6331.0
14586,1435997259994,6331.0
14587,1435997260012,6257.0
14588,1435997260032,6257.0
14589,1435997260126,5800.0
14590,1435997260127,5800.0
14591,1435997260128,4928.0
14592,1435997260129,4928.0
14593,1435997260130,4948.0
14594,1435997260150,5099.0
14595,1435997260170,5099.0
14596,1435997260191,5757.0
14597,1435997260217,5757.0
14598,1435997260238,5573.0
14599,1435997260258,5573.0
14600,1435997260277,5436.0
14601,1435997260293,5436.0
14602,1435997260385,5422.0
14603,1435997260386,5422.0
14604,1435997260387,5516.0
14605,1435997260388,5677.0
14606,1435997260436,5677.0
14607,1435997260437,5278.0
14608,1435997260438,5278.0
14609,1435997260451,5202.0
14610,1435997260471,5202.0
14611,1435997260491,5815.0
14612,1435997260525,5815.0
14613,1435997260546,6204.0
14614,1435997260551,6204.0
14615,1435997260571,5563.0
14616,1435997260591,6289.0
14617,1435997260612,6289.0
14618,1435997260632,6669.0
14619,1435997260651,6669.0
14620,1435997260671,6417.0
14621,1435997260691,6417.0
14622,1435997260710,6998.0
14623,1435997260730,6998.0
14624,1435997260750,6968.0
14625,1435997260772,6968.0
14626,1435997260791,6598.0
14627,1435997260812,6562.0
14628,1435997260832,6562.0
14629,1435997260854,8095.0
14630,1435997260874,8095.0
14631,1435997260894,8934.0
14632,1435997260913,8934.0
14633,1435997260931,8944.0
14634,1435997260950,8944.0
14635,1435997260971,8331.0
14636,1435997260992,8350.0
14637,1435997261014,8236.0
14638,1435997261033,7717.0
14639,1435997261051,7717.0
14640,1435997261078,7434.0
14641,1435997261090,7434.0
14642,1435997261110,7231.0
14643,1435997261130,7231.0
14644,1435997261152,6606.0
14645,1435997261182,6606.0
14646,1435997261191,6186.0
14647,1435997261212,6423.0
14648,1435997261231,6423.0
14649,1435997261253,6926.0
14650,1435997261274,6926.0
14651,1435997261291,7458.0
14652,1435997261312,7458.0
14653,1435997261335,7308.0
14654,1435997261353,7308.0
14655,1435997261375,6935.0
14656,1435997261395,6935.0
14657,1435997261413,5919.0
14658,1435997261434,5271.0
14659,1435997261452,5271.0
14660,1435997261471,4879.0
14661,1435997261493,4879.0
14662,1435997261513,5178.0
14663,1435997261535,5178.0
14664,1435997261556,5345.0
14665,1435997261576,5345.0
14666,1435997261595,5177.0
14667,1435997261613,5177.0
14668,1435997261632,4782.0
14669,1435997261654,4835.0
14670,1435997261679,4835.0
14671,1435997261753,5213.0
14672,1435997261754,5213.0
14673,1435997261755,4828.0
14674,1435997261756,4828.0
14675,1435997261774,4596.0
14676,1435997261797,4596.0
14677,1435997261814,4016.0
14678,1435997261834,4300.0
14679,1435997261859,3864.0
14680,1435997261876,4192.0
14681,1435997261900,4192.0
14682,1435997261913,4265.0
14683,1435997261943,4265.0
14684,1435997261954,4547.0
14685,1435997261974,4547.0
14686,1435997261992,5071.0
14687,1435997262013,5071.0
14688,1435997262034,5341.0
14689,1435997262056,5509.0
14690,1435997262076,5509.0
14691,1435997262096,5578.0
14692,1435997262115,5578.0
14693,1435997262133,4983.0
14694,1435997262153,4983.0
14695,1435997262174,4608.0
14696,1435997262196,4608.0
14697,1435997262214,4318.0
14698,1435997262235,4318.0
14699,1435997262254,3955.0
14700,1435997262276,3683.0
14701,1435997262296,3683.0
14702,1435997262317,3571.0
14703,1435997262336,3571.0
14704,1435997262355,3648.0
14705,1435997262375,3648.0
14706,1435997262395,4157.0
14707,1435997262414,4157.0
14708,1435997262485,4511.0
14709,1435997262486,4511.0
14710,1435997262487,4203.0
14711,1435997262504,3474.0
14712,1435997262514,3474.0
14713,1435997262537,3421.0
14714,1435997262580,3421.0
14715,1435997262581,3405.0
14716,1435997262596,3405.0
14717,1435997262614,3865.0
14718,1435997262633,3865.0
14719,1435997262665,5064.0
14720,1435997262675,4106.0
14721,1435997262698,5925.0
14722,1435997262713,6580.0
14723,1435997262735,6580.0
14724,1435997262756,6995.0
14725,1435997262778,6995.0
14726,1435997262795,7502.0
14727,1435997262816,7502.0
14728,1435997262834,7351.0
14729,1435997262853,7351.0
14730,1435997262874,7397.0
14731,1435997262895,7046.0
14732,1435997262916,7046.0
14733,1435997262935,6142.0
14734,1435997262955,6142.0
14735,1435997262974,6180.0
14736,1435997262993,6180.0
14737,1435997263013,6844.0
14738,1435997263039,6844.0
14739,1435997263060,7323.0
14740,1435997263080,7323.0
14741,1435997263098,7504.0
14742,1435997263116,7645.0
14743,1435997263135,7645.0
14744,1435997263154,7737.0
14745,1435997263183,7737.0
14746,1435997263255,7133.0
14747,1435997263256,7133.0
14748,1435997263257,6394.0
14749,1435997263258,6394.0
14750,1435997263275,5911.0
14751,1435997263299,5911.0
14752,1435997263315,5541.0
14753,1435997263333,5204.0
14754,1435997263354,5204.0
14755,1435997263374,5621.0
14756,1435997263395,5621.0
14757,1435997263443,5702.0
14758,1435997263444,5702.0
14759,1435997263458,6533.0
14760,1435997263477,6533.0
14761,1435997263496,6818.0
14762,1435997263515,6818.0
14763,1435997263536,7070.0
14764,1435997263561,12014.0
14765,1435997263575,12014.0
14766,1435997263595,7585.0
14767,1435997263615,7585.0
14768,1435997263641,6387.0
14769,1435997263654,6387.0
14770,1435997263677,6465.0
14771,1435997263696,6465.0
14772,1435997263715,6875.0
14773,1435997263734,6709.0
14774,1435997263754,7680.0
14775,1435997263775,8875.0
14776,1435997263795,8875.0
14777,1435997263816,8033.0
14778,1435997263834,8033.0
14779,1435997263855,8801.0
14780,1435997263875,8801.0
14781,1435997263895,10092.0
14782,1435997263983,10092.0
14783,1435997263984,9897.0
14784,1435997263985,10343.0
14785,1435997263986,10343.0
14786,1435997263994,9541.0
14787,1435997264020,9541.0
14788,1435997264035,9171.0
14789,1435997264058,9171.0
14790,1435997264075,8803.0
14791,1435997264099,8803.0
14792,1435997264114,9311.0
14793,1435997264143,9311.0
14794,1435997264155,9502.0
14795,1435997264179,9327.0
14796,1435997264194,9327.0
14797,1435997264218,9133.0
14798,1435997264238,9133.0
14799,1435997264259,9160.0
14800,1435997264277,9160.0
14801,1435997264297,9306.0
14802,1435997264316,9306.0
14803,1435997264334,9126.0
14804,1435997264355,9126.0
14805,1435997264375,9173.0
14806,1435997264398,8655.0
14807,1435997264416,8655.0
14808,1435997264438,8834.0
14809,1435997264456,8834.0
14810,1435997264476,9152.0
14811,1435997264496,9152.0
14812,1435997264523,8572.0
14813,1435997264541,8572.0
14814,1435997264562,8707.0
14815,1435997264581,7812.0
14816,1435997264597,9410.0
14817,1435997264619,9677.0
14818,1435997264637,9677.0
14819,1435997264655,9175.0
14820,1435997264698,9175.0
14821,1435997264699,7630.0
14822,1435997264728,7630.0
14823,1435997264755,7125.0
14824,1435997264756,7125.0
14825,1435997264775,7194.0
14826,1435997264795,7698.0
14827,1435997264815,7698.0
14828,1435997264849,8886.0
14829,1435997264889,8886.0
14830,1435997264890,8146.0
14831,1435997264915,8146.0
14832,1435997264916,7307.0
14833,1435997265019,7307.0
14834,1435997265020,6939.0
14835,1435997265021,6939.0
14836,1435997265022,6777.0
14837,1435997265023,6319.0
14838,1435997265035,6319.0
14839,1435997265061,6055.0
14840,1435997265075,6055.0
14841,1435997265095,5606.0
14842,1435997265116,5606.0
14843,1435997265143,5429.0
14844,1435997265168,5429.0
14845,1435997265180,5726.0
14846,1435997265196,5726.0
14847,1435997265216,5626.0
14848,1435997265238,5638.0
14849,1435997265255,5638.0
14850,1435997265275,5933.0
14851,1435997265296,5933.0
14852,1435997265316,5841.0
14853,1435997265336,5841.0
14854,1435997265357,5714.0
14855,1435997265376,5714.0
14856,1435997265408,6541.0
14857,1435997265414,6541.0
14858,1435997265436,7121.0
14859,1435997265454,6988.0
14860,1435997265475,6988.0
14861,1435997265497,7016.0
14862,1435997265515,7016.0
14863,1435997265535,6581.0
14864,1435997265556,6581.0
14865,1435997265576,6539.0
14866,1435997265597,6539.0
14867,1435997265616,6140.0
14868,1435997265637,6210.0
14869,1435997265657,6210.0
14870,1435997265674,5829.0
14871,1435997265696,5829.0
14872,1435997265718,5994.0
14873,1435997265740,5994.0
14874,1435997265757,5391.0
14875,1435997265779,5391.0
14876,1435997265798,4896.0
14877,1435997265818,4896.0
14878,1435997265838,3510.0
14879,1435997265858,3426.0
14880,1435997265878,3426.0
14881,1435997265897,3636.0
14882,1435997265916,3636.0
14883,1435997265936,5139.0
14884,1435997265958,5139.0
14885,1435997265980,5464.0
14886,1435997265998,5464.0
14887,1435997266020,5391.0
14888,1435997266089,5391.0
14889,1435997266090,5898.0
14890,1435997266091,5819.0
14891,1435997266100,5819.0
14892,1435997266116,5676.0
14893,1435997266140,5676.0
14894,1435997266156,5329.0
14895,1435997266177,5329.0
14896,1435997266199,5489.0
14897,1435997266217,5489.0
14898,1435997266239,5745.0
14899,1435997266258,5745.0
14900,1435997266280,5459.0
14901,1435997266298,5845.0
14902,1435997266317,5845.0
14903,1435997266336,6261.0
14904,1435997266356,6261.0
14905,1435997266377,6831.0
14906,1435997266397,6831.0
14907,1435997266417,6881.0
14908,1435997266438,6881.0
14909,1435997266458,6685.0
14910,1435997266479,6073.0
14911,1435997266498,7116.0
14912,1435997266518,7056.0
14913,1435997266539,7056.0
14914,1435997266560,6855.0
14915,1435997266579,6855.0
14916,1435997266598,7087.0
14917,1435997266618,7087.0
14918,1435997266638,7436.0
14919,1435997266658,7436.0
14920,1435997266680,7513.0
14921,1435997266713,8035.0
14922,1435997266721,8035.0
14923,1435997266738,9064.0
14924,1435997266757,9064.0
14925,1435997266786,10193.0
14926,1435997266811,10193.0
14927,1435997266821,9491.0
14928,1435997266838,9491.0
14929,1435997266858,8055.0
14930,1435997266877,8055.0
14931,1435997266897,7324.0
14932,1435997266917,7402.0
14933,1435997266937,7402.0
14934,1435997266957,6592.0
14935,1435997266977,6592.0
14936,1435997266998,6459.0
14937,1435997267025,6459.0
14938,1435997267039,6881.0
14939,1435997267059,6881.0
14940,1435997267077,6673.0
14941,1435997267097,6673.0
14942,1435997267117,6966.0
14943,1435997267139,6717.0
14944,1435997267158,6717.0
14945,1435997267177,6610.0
14946,1435997267198,6610.0
14947,1435997267218,6152.0
14948,1435997267240,6152.0
14949,1435997267258,5790.0
14950,1435997267278,5790.0
14951,1435997267299,5896.0
14952,1435997267319,6184.0
14953,1435997267339,5612.0
14954,1435997267358,5730.0
14955,1435997267378,5730.0
14956,1435997267397,5871.0
14957,1435997267417,5871.0
14958,1435997267437,6047.0
14959,1435997267460,6047.0
14960,1435997267480,6329.0
14961,1435997267499,6329.0
14962,1435997267520,6333.0
14963,1435997267592,6634.0
14964,1435997267593,6634.0
14965,1435997267594,7283.0
14966,1435997267601,7283.0
14967,1435997267618,7184.0
14968,1435997267642,7184.0
14969,1435997267658,6931.0
14970,1435997267678,6931.0
14971,1435997267700,7019.0
14972,1435997267718,7019.0
14973,1435997267741,7486.0
14974,1435997267759,7152.0
14975,1435997267779,7152.0
14976,1435997267798,7682.0
14977,1435997267818,7682.0
14978,1435997267839,7759.0
14979,1435997267860,7759.0
14980,1435997267880,8417.0
14981,1435997267900,8417.0
14982,1435997267919,8289.0
14983,1435997267939,8289.0
14984,1435997267960,7394.0
14985,1435997267980,6699.0
14986,1435997267998,6699.0
14987,1435997268018,5385.0
14988,1435997268038,5385.0
14989,1435997268059,4695.0
14990,1435997268080,4695.0
14991,1435997268099,4998.0
14992,1435997268118,4998.0
14993,1435997268139,5103.0
14994,1435997268161,5103.0
14995,1435997268178,5445.0
14996,1435997268198,5517.0
14997,1435997268219,5517.0
14998,1435997268243,5267.0
14999,1435997268262,5267.0
15000,1435997268320,5188.0
15001,1435997268321,5188.0
15002,1435997268333,4795.0
15003,1435997268340,4795.0
15004,1435997268359,4774.0
15005,1435997268383,4729.0
15006,1435997268398,5053.0
15007,1435997268418,5552.0
15008,1435997268442,5552.0
15009,1435997268458,5790.0
15010,1435997268480,5790.0
15011,1435997268499,5956.0
15012,1435997268520,5956.0
15013,1435997268539,6392.0
15014,1435997268559,6392.0
15015,1435997268579,6172.0
15016,1435997268602,5680.0
15017,1435997268623,5680.0
15018,1435997268642,5530.0
15019,1435997268660,5530.0
15020,1435997268751,5226.0
15021,1435997268752,5226.0
15022,1435997268753,4780.0
15023,1435997268754,4780.0
15024,1435997268764,4782.0
15025,1435997268781,4782.0
15026,1435997268801,4929.0
15027,1435997268841,4669.0
15028,1435997268842,4669.0
15029,1435997268859,5746.0
15030,1435997268879,5746.0
15031,1435997268900,5475.0
15032,1435997268925,5475.0
15033,1435997268945,5246.0
15034,1435997268963,5246.0
15035,1435997268985,5632.0
15036,1435997268999,5632.0
15037,1435997269019,5591.0
15038,1435997269044,4219.0
15039,1435997269059,4219.0
15040,1435997269079,3408.0
15041,1435997269099,3408.0
15042,1435997269119,3598.0
15043,1435997269139,3598.0
15044,1435997269163,4448.0
15045,1435997269179,4448.0
15046,1435997269198,4450.0
15047,1435997269218,4288.0
15048,1435997269242,4480.0
15049,1435997269258,4586.0
15050,1435997269280,4586.0
15051,1435997269302,4348.0
15052,1435997269320,4348.0
15053,1435997269340,3796.0
15054,1435997269360,3796.0
15055,1435997269382,3427.0
15056,1435997269402,3427.0
15057,1435997269423,3368.0
15058,1435997269440,3415.0
15059,1435997269460,3415.0
15060,1435997269479,3829.0
15061,1435997269501,3829.0
15062,1435997269522,4270.0
15063,1435997269543,4270.0
15064,1435997269562,4795.0
15065,1435997269584,4795.0
15066,1435997269603,4604.0
15067,1435997269619,4604.0
15068,1435997269641,4874.0
15069,1435997269660,5411.0
15070,1435997269683,5411.0
15071,1435997269769,5723.0
15072,1435997269770,5723.0
15073,1435997269771,5566.0
15074,1435997269772,5566.0
15075,1435997269785,6102.0
15076,1435997269802,6102.0
15077,1435997269825,6021.0
15078,1435997269840,6021.0
15079,1435997269860,6420.0
15080,1435997269881,7101.0
15081,1435997269901,7101.0
15082,1435997269920,6219.0
15083,1435997269941,6219.0
15084,1435997269960,6645.0
15085,1435997269983,6645.0
15086,1435997270003,6203.0
15087,1435997270023,6203.0
15088,1435997270042,4965.0
15089,1435997270061,4965.0
15090,1435997270080,4346.0
15091,1435997270102,4652.0
15092,1435997270122,4652.0
15093,1435997270143,5208.0
15094,1435997270162,5208.0
15095,1435997270184,5120.0
15096,1435997270202,5120.0
15097,1435997270225,4137.0
15098,1435997270244,4137.0
15099,1435997270262,3712.0
15100,1435997270284,3680.0
15101,1435997270305,3633.0
15102,1435997270325,4355.0
15103,1435997270344,4355.0
15104,1435997270362,3958.0
15105,1435997270381,3958.0
15106,1435997270401,3416.0
15107,1435997270490,3416.0
15108,1435997270491,3391.0
15109,1435997270492,3391.0
15110,1435997270493,3326.0
15111,1435997270509,3361.0
15112,1435997270520,3361.0
15113,1435997270541,3463.0
15114,1435997270561,3463.0
15115,1435997270580,4395.0
15116,1435997270603,4395.0
15117,1435997270624,4733.0
15118,1435997270641,4733.0
15119,1435997270662,5026.0
15120,1435997270684,5026.0
15121,1435997270700,5632.0
15122,1435997270745,6154.0
15123,1435997270746,6154.0
15124,1435997270761,6314.0
15125,1435997270781,6314.0
15126,1435997270801,5602.0
15127,1435997270821,5602.0
15128,1435997270841,5479.0
15129,1435997270861,5479.0
15130,1435997270883,5012.0
15131,1435997270902,5012.0
15132,1435997270921,4947.0
15133,1435997270941,4545.0
15134,1435997270961,4545.0
15135,1435997270981,4177.0
15136,1435997271002,4177.0
15137,1435997271021,4475.0
15138,1435997271041,4475.0
15139,1435997271061,4654.0
15140,1435997271081,4654.0
15141,1435997271101,4275.0
15142,1435997271121,5558.0
15143,1435997271151,3454.0
15144,1435997271164,3412.0
15145,1435997271197,3412.0
15146,1435997271200,3429.0
15147,1435997271221,3429.0
15148,1435997271240,3428.0
15149,1435997271260,3428.0
15150,1435997271281,3361.0
15151,1435997271301,3361.0
15152,1435997271321,3411.0
15153,1435997271344,3459.0
15154,1435997271362,3459.0
15155,1435997271381,3384.0
15156,1435997271404,3384.0
15157,1435997271424,3323.0
15158,1435997271445,3323.0
15159,1435997271464,3274.0
15160,1435997271482,3274.0
15161,1435997271502,3288.0
15162,1435997271525,3288.0
15163,1435997271542,3365.0
15164,1435997271564,3464.0
15165,1435997271581,3464.0
15166,1435997271601,4101.0
15167,1435997271622,4101.0
15168,1435997271642,4354.0
15169,1435997271663,4354.0
15170,1435997271682,4403.0
15171,1435997271701,4403.0
15172,1435997271721,4222.0
15173,1435997271742,4222.0
15174,1435997271763,3816.0
15175,1435997271784,3964.0
15176,1435997271803,3964.0
15177,1435997271871,3923.0
15178,1435997271872,3923.0
15179,1435997271873,4337.0
15180,1435997271882,4337.0
15181,1435997271903,5224.0
15182,1435997271925,5224.0
15183,1435997271942,6362.0
15184,1435997271962,6362.0
15185,1435997271983,7072.0
15186,1435997272003,7010.0
15187,1435997272024,7010.0
15188,1435997272045,6741.0
15189,1435997272063,6741.0
15190,1435997272083,6703.0
15191,1435997272102,6703.0
15192,1435997272123,6212.0
15193,1435997272145,6212.0
15194,1435997272165,6811.0
15195,1435997272185,6843.0
15196,1435997272205,7469.0
15197,1435997272225,6989.0
15198,1435997272246,6989.0
15199,1435997272265,7001.0
15200,1435997272284,7001.0
15201,1435997272303,7399.0
15202,1435997272323,7399.0
15203,1435997272359,6865.0
15204,1435997272363,6865.0
15205,1435997272392,6761.0
15206,1435997272412,6555.0
15207,1435997272424,6555.0
15208,1435997272442,6430.0
15209,1435997272462,6430.0
15210,1435997272484,6708.0
15211,1435997272508,6708.0
15212,1435997272535,7060.0
15213,1435997272596,7060.0
15214,1435997272597,7663.0
15215,1435997272642,7663.0
15216,1435997272643,7428.0
15217,1435997272644,7210.0
15218,1435997272645,7210.0
15219,1435997272696,7705.0
15220,1435997272697,7705.0
15221,1435997272702,7612.0
15222,1435997272724,7612.0
15223,1435997272742,8607.0
15224,1435997272768,8607.0
15225,1435997272783,7962.0
15226,1435997272802,7962.0
15227,1435997272824,7883.0
15228,1435997272845,8053.0
15229,1435997272863,8053.0
15230,1435997272882,7917.0
15231,1435997272904,7917.0
15232,1435997272926,8128.0
15233,1435997272946,8128.0
15234,1435997272967,7646.0
15235,1435997272986,7646.0
15236,1435997273003,7528.0
15237,1435997273023,7902.0
15238,1435997273042,7387.0
15239,1435997273064,7063.0
15240,1435997273083,7063.0
15241,1435997273103,6635.0
15242,1435997273123,6635.0
15243,1435997273147,5962.0
15244,1435997273165,5962.0
15245,1435997273183,6428.0
15246,1435997273203,6428.0
15247,1435997273224,6237.0
15248,1435997273244,5790.0
15249,1435997273264,5790.0
15250,1435997273284,5481.0
15251,1435997273303,5481.0
15252,1435997273383,4883.0
15253,1435997273384,4883.0
15254,1435997273385,4123.0
15255,1435997273386,4123.0
15256,1435997273405,3567.0
15257,1435997273448,3567.0
15258,1435997273449,3306.0
15259,1435997273463,3166.0
15260,1435997273484,3166.0
15261,1435997273503,3157.0
15262,1435997273524,3157.0
15263,1435997273555,3137.0
15264,1435997273567,3137.0
15265,1435997273593,3115.0
15266,1435997273604,3115.0
15267,1435997273628,3141.0
15268,1435997273647,3141.0
15269,1435997273664,3245.0
15270,1435997273685,3340.0
15271,1435997273714,3340.0
15272,1435997273724,3437.0
15273,1435997273859,3437.0
15274,1435997273860,3938.0
15275,1435997273861,3938.0
15276,1435997273862,3975.0
15277,1435997273864,3975.0
15278,1435997273865,4320.0
15279,1435997273866,4320.0
15280,1435997273886,4569.0
15281,1435997273904,5261.0
15282,1435997273925,5261.0
15283,1435997273944,5611.0
15284,1435997273964,5611.0
15285,1435997273984,5997.0
15286,1435997274004,5997.0
15287,1435997274027,6109.0
15288,1435997274050,6109.0
15289,1435997274064,5769.0
15290,1435997274139,5744.0
15291,1435997274140,5663.0
15292,1435997274144,5708.0
15293,1435997274145,5708.0
15294,1435997274164,5900.0
15295,1435997274185,5900.0
15296,1435997274205,6240.0
15297,1435997274223,6240.0
15298,1435997274244,7085.0
15299,1435997274263,7085.0
15300,1435997274283,6852.0
15301,1435997274305,6224.0
15302,1435997274327,6224.0
15303,1435997274345,6503.0
15304,1435997274364,6503.0
15305,1435997274384,5913.0
15306,1435997274403,5913.0
15307,1435997274425,5396.0
15308,1435997274447,5396.0
15309,1435997274467,4478.0
15310,1435997274486,4478.0
15311,1435997274504,3829.0
15312,1435997274524,3497.0
15313,1435997274545,3497.0
15314,1435997274566,3789.0
15315,1435997274587,3789.0
15316,1435997274607,4206.0
15317,1435997274624,4206.0
15318,1435997274644,4137.0
15319,1435997274665,4137.0
15320,1435997274687,4290.0
15321,1435997274709,4290.0
15322,1435997274729,4002.0
15323,1435997274747,3903.0
15324,1435997274765,3903.0
15325,1435997274850,4166.0
15326,1435997274851,4166.0
15327,1435997274852,4413.0
15328,1435997274853,4413.0
15329,1435997274874,4222.0
15330,1435997274885,4222.0
15331,1435997274914,4575.0
15332,1435997274926,3819.0
15333,1435997274948,5359.0
15334,1435997274967,5939.0
15335,1435997274986,5939.0
15336,1435997275005,6988.0
15337,1435997275028,6988.0
15338,1435997275045,7800.0
15339,1435997275066,7800.0
15340,1435997275087,8212.0
15341,1435997275108,8212.0
15342,1435997275128,7613.0
15343,1435997275147,7799.0
15344,1435997275166,7799.0
15345,1435997275186,7256.0
15346,1435997275205,7256.0
15347,1435997275225,6247.0
15348,1435997275249,6247.0
15349,1435997275266,6292.0
15350,1435997275287,6292.0
15351,1435997275306,7000.0
15352,1435997275325,7000.0
15353,1435997275346,6693.0
15354,1435997275371,6885.0
15355,1435997275391,6885.0
15356,1435997275412,6176.0
15357,1435997275426,6176.0
15358,1435997275447,5732.0
15359,1435997275466,5732.0
15360,1435997275486,5022.0
15361,1435997275505,5022.0
15362,1435997275573,4651.0
15363,1435997275574,4651.0
15364,1435997275575,4296.0
15365,1435997275586,4356.0
15366,1435997275608,4356.0
15367,1435997275626,4918.0
15368,1435997275647,4918.0
15369,1435997275665,5196.0
15370,1435997275687,5196.0
15371,1435997275707,5062.0
15372,1435997275726,5062.0
15373,1435997275746,5046.0
15374,1435997275766,5046.0
15375,1435997275787,5018.0
15376,1435997275807,4976.0
15377,1435997275827,4976.0
15378,1435997275849,5496.0
15379,1435997275868,5496.0
15380,1435997275887,6440.0
15381,1435997275907,6440.0
15382,1435997275926,6494.0
15383,1435997275946,6494.0
15384,1435997275966,6790.0
15385,1435997275988,7108.0
15386,1435997276007,7108.0
15387,1435997276027,7274.0
15388,1435997276047,7274.0
15389,1435997276067,7860.0
15390,1435997276088,7860.0
15391,1435997276110,8070.0
15392,1435997276130,8070.0
15393,1435997276151,7943.0
15394,1435997276169,7943.0
15395,1435997276187,7595.0
15396,1435997276206,7341.0
15397,1435997276227,7341.0
15398,1435997276247,7200.0
15399,1435997276266,7200.0
15400,1435997276313,6606.0
15401,1435997276314,6606.0
15402,1435997276335,6040.0
15403,1435997276346,6040.0
15404,1435997276366,6639.0
15405,1435997276387,6639.0
15406,1435997276406,6572.0
15407,1435997276429,6455.0
15408,1435997276448,6455.0
15409,1435997276467,6273.0
15410,1435997276486,6273.0
15411,1435997276507,5183.0
15412,1435997276526,5183.0
15413,1435997276548,3964.0
15414,1435997276569,3964.0
15415,1435997276588,3453.0
15416,1435997276607,3453.0
15417,1435997276627,3348.0
15418,1435997276647,3273.0
15419,1435997276666,3273.0
15420,1435997276687,3298.0
15421,1435997276709,3298.0
15422,1435997276726,3382.0
15423,1435997276748,3382.0
15424,1435997276767,3376.0
15425,1435997276787,3376.0
15426,1435997276807,3334.0
15427,1435997276827,3313.0
15428,1435997276847,3313.0
15429,1435997276866,3301.0
15430,1435997276887,3301.0
15431,1435997276907,3368.0
15432,1435997276929,3368.0
15433,1435997276949,3533.0
15434,1435997276968,3533.0
15435,1435997276991,3523.0
15436,1435997277068,3523.0
15437,1435997277069,3447.0
15438,1435997277070,3833.0
15439,1435997277071,3833.0
15440,1435997277088,4040.0
15441,1435997277112,4040.0
15442,1435997277128,3812.0
15443,1435997277148,3812.0
15444,1435997277168,3777.0
15445,1435997277187,3777.0
15446,1435997277208,3419.0
15447,1435997277228,3419.0
15448,1435997277248,3321.0
15449,1435997277268,3240.0
15450,1435997277288,3240.0
15451,1435997277309,3188.0
15452,1435997277328,3188.0
15453,1435997277348,3135.0
15454,1435997277367,3135.0
15455,1435997277387,3180.0
15456,1435997277408,3180.0
15457,1435997277428,3382.0
15458,1435997277450,3382.0
15459,1435997277468,3939.0
15460,1435997277488,3775.0
15461,1435997277507,3775.0
15462,1435997277528,3326.0
15463,1435997277548,3326.0
15464,1435997277567,2657.0
15465,1435997277588,2657.0
15466,1435997277608,1821.0
15467,1435997277628,1821.0
15468,1435997277649,1236.0
15469,1435997277668,1236.0
15470,1435997277688,1245.0
15471,1435997277709,1630.0
15472,1435997277729,1630.0
15473,1435997277784,2037.0
15474,1435997277800,2037.0
15475,1435997277801,1972.0
15476,1435997277811,1972.0
15477,1435997277843,1691.0
15478,1435997277849,1691.0
15479,1435997277872,1488.0
15480,1435997277894,1105.0
15481,1435997277917,1105.0
15482,1435997277941,1229.0
15483,1435997277948,1229.0
15484,1435997277967,2000.0
15485,1435997277990,2000.0
15486,1435997278008,1428.0
15487,1435997278028,1428.0
15488,1435997278048,880.0
15489,1435997278067,880.0
15490,1435997278088,1199.0
15491,1435997278110,1298.0
15492,1435997278129,1298.0
15493,1435997278150,1114.0
15494,1435997278169,1114.0
15495,1435997278193,987.0
15496,1435997278210,987.0
15497,1435997278229,841.0
15498,1435997278249,841.0
15499,1435997278269,824.0
15500,1435997278299,824.0
15501,1435997278313,807.0
15502,1435997278338,945.0
15503,1435997278379,945.0
15504,1435997278383,1007.0
15505,1435997278388,1007.0
15506,1435997278408,1042.0
15507,1435997278475,1042.0
15508,1435997278476,992.0
15509,1435997278489,992.0
15510,1435997278490,953.0
15511,1435997278508,953.0
15512,1435997278528,1170.0
15513,1435997278568,1523.0
15514,1435997278569,1523.0
15515,1435997278589,1723.0
15516,1435997278608,1723.0
15517,1435997278628,1421.0
15518,1435997278648,1421.0
15519,1435997278668,990.0
15520,1435997278688,990.0
15521,1435997278715,865.0
15522,1435997278729,975.0
15523,1435997278750,975.0
15524,1435997278768,1089.0
15525,1435997278788,1089.0
15526,1435997278808,1107.0
15527,1435997278828,1107.0
15528,1435997278848,1064.0
15529,1435997278867,1064.0
15530,1435997278908,1010.0
15531,1435997278909,1010.0
15532,1435997278928,961.0
15533,1435997278948,1018.0
15534,1435997278967,1018.0
15535,1435997278987,1100.0
15536,1435997279008,1100.0
15537,1435997279028,1096.0
15538,1435997279048,1096.0
15539,1435997279068,1109.0
15540,1435997279087,1109.0
15541,1435997279107,1092.0
15542,1435997279128,1092.0
15543,1435997279148,1225.0
15544,1435997279168,1258.0
15545,1435997279188,1258.0
15546,1435997279207,1203.0
15547,1435997279227,1203.0
15548,1435997279247,1249.0
15549,1435997279268,1249.0
15550,1435997279288,1349.0
15551,1435997279308,1349.0
15552,1435997279327,1621.0
15553,1435997279347,1621.0
15554,1435997279367,1890.0
15555,1435997279387,2099.0
15556,1435997279407,2099.0
15557,1435997279427,2173.0
15558,1435997279447,2173.0
15559,1435997279467,2380.0
15560,1435997279488,2380.0
15561,1435997279508,2492.0
15562,1435997279529,2492.0
15563,1435997279549,2365.0
15564,1435997279572,2365.0
15565,1435997279590,2080.0
15566,1435997279608,1611.0
15567,1435997279629,1611.0
15568,1435997279652,1107.0
15569,1435997279672,1107.0
15570,1435997279691,1218.0
15571,1435997279715,1218.0
15572,1435997279732,1590.0
15573,1435997279751,1590.0
15574,1435997279769,1600.0
15575,1435997279796,1508.0
15576,1435997279811,1508.0
15577,1435997279838,1522.0
15578,1435997279899,1522.0
15579,1435997279900,1601.0
15580,1435997279901,1601.0
15581,1435997279921,1618.0
15582,1435997279930,1618.0
15583,1435997279950,1437.0
15584,1435997279969,1437.0
15585,1435997279989,1278.0
15586,1435997280010,1396.0
15587,1435997280031,1396.0
15588,1435997280050,1716.0
15589,1435997280074,1716.0
15590,1435997280090,1758.0
15591,1435997280110,1758.0
15592,1435997280129,1388.0
15593,1435997280150,1388.0
15594,1435997280169,925.0
15595,1435997280190,925.0
15596,1435997280209,858.0
15597,1435997280229,645.0
15598,1435997280249,645.0
15599,1435997280269,809.0
15600,1435997280289,809.0
15601,1435997280309,683.0
15602,1435997280329,683.0
15603,1435997280355,643.0
15604,1435997280369,643.0
15605,1435997280389,802.0
15606,1435997280409,802.0
15607,1435997280429,710.0
15608,1435997280449,591.0
15609,1435997280469,591.0
15610,1435997280489,560.0
15611,1435997280509,560.0
15612,1435997280529,549.0
15613,1435997280549,549.0
15614,1435997280569,538.0
15615,1435997280589,538.0
15616,1435997280609,532.0
15617,1435997280629,527.0
15618,1435997280649,527.0
15619,1435997280669,593.0
15620,1435997280689,593.0
15621,1435997280709,706.0
15622,1435997280729,706.0
15623,1435997280749,626.0
15624,1435997280769,626.0
15625,1435997280789,633.0
15626,1435997280809,633.0
15627,1435997280829,541.0
15628,1435997280852,526.0
15629,1435997280869,526.0
15630,1435997280891,629.0
15631,1435997280913,629.0
15632,1435997280962,564.0
15633,1435997280963,564.0
15634,1435997280969,551.0
15635,1435997280989,551.0
15636,1435997281010,701.0
15637,1435997281029,701.0
15638,1435997281049,917.0
15639,1435997281069,1326.0
15640,1435997281090,1326.0
15641,1435997281113,947.0
15642,1435997281132,947.0
15643,1435997281150,631.0
15644,1435997281172,631.0
15645,1435997281190,727.0
15646,1435997281210,727.0
15647,1435997281230,1090.0
15648,1435997281251,1090.0
15649,1435997281270,1482.0
15650,1435997281293,773.0
15651,1435997281312,773.0
15652,1435997281332,636.0
15653,1435997281353,636.0
15654,1435997281373,1378.0
15655,1435997281390,1378.0
15656,1435997281412,1228.0
15657,1435997281430,1228.0
15658,1435997281452,620.0
15659,1435997281473,620.0
15660,1435997281493,522.0
15661,1435997281514,525.0
15662,1435997281533,525.0
15663,1435997281552,549.0
15664,1435997281570,549.0
15665,1435997281595,519.0
15666,1435997281615,519.0
15667,1435997281634,511.0
15668,1435997281654,511.0
15669,1435997281673,510.0
15670,1435997281694,693.0
15671,1435997281712,693.0
15672,1435997281731,623.0
15673,1435997281753,623.0
15674,1435997281773,668.0
15675,1435997281871,668.0
15676,1435997281872,619.0
15677,1435997281873,619.0
15678,1435997281874,481.0
15679,1435997281876,481.0
15680,1435997281895,490.0
15681,1435997281921,487.0
15682,1435997281933,487.0
15683,1435997281951,489.0
15684,1435997281974,489.0
15685,1435997281991,474.0
15686,1435997282016,474.0
15687,1435997282032,467.0
15688,1435997282058,467.0
15689,1435997282075,469.0
15690,1435997282095,469.0
15691,1435997282113,455.0
15692,1435997282132,449.0
15693,1435997282152,449.0
15694,1435997282175,439.0
15695,1435997282195,439.0
15696,1435997282214,439.0
15697,1435997282234,439.0
15698,1435997282257,437.0
15699,1435997282271,437.0
15700,1435997282294,437.0
15701,1435997282314,437.0
15702,1435997282334,442.0
15703,1435997282355,447.0
15704,1435997282375,447.0
15705,1435997282394,452.0
15706,1435997282413,452.0
15707,1435997282432,533.0
15708,1435997282455,533.0
15709,1435997282476,542.0
15710,1435997282496,542.0
15711,1435997282513,481.0
15712,1435997282641,480.0
15713,1435997282642,480.0
15714,1435997282643,477.0
15715,1435997282644,477.0
15716,1435997282645,483.0
15717,1435997282662,483.0
15718,1435997282663,491.0
15719,1435997282674,491.0
15720,1435997282693,601.0
15721,1435997282712,601.0
15722,1435997282738,674.0
15723,1435997282754,510.0
15724,1435997282774,510.0
15725,1435997282795,470.0
15726,1435997282820,470.0
15727,1435997282833,471.0
15728,1435997282855,471.0
15729,1435997282874,459.0
15730,1435997282892,459.0
15731,1435997282913,464.0
15732,1435997282934,464.0
15733,1435997282955,467.0
15734,1435997282976,468.0
15735,1435997282995,468.0
15736,1435997283016,463.0
15737,1435997283037,463.0
15738,1435997283054,464.0
15739,1435997283074,464.0
15740,1435997283094,462.0
15741,1435997283115,462.0
15742,1435997283134,462.0
15743,1435997283156,462.0
15744,1435997283176,453.0
15745,1435997283194,442.0
15746,1435997283215,442.0
15747,1435997283236,433.0
15748,1435997283256,433.0
15749,1435997283277,432.0
15750,1435997283294,432.0
15751,1435997283314,433.0
15752,1435997283387,433.0
15753,1435997283388,433.0
15754,1435997283389,433.0
15755,1435997283397,438.0
15756,1435997283414,438.0
15757,1435997283456,438.0
15758,1435997283457,476.0
15759,1435997283473,476.0
15760,1435997283493,452.0
15761,1435997283513,452.0
15762,1435997283539,450.0
15763,1435997283596,450.0
15764,1435997283597,453.0
15765,1435997283598,457.0
15766,1435997283613,457.0
15767,1435997283633,452.0
15768,1435997283653,452.0
15769,1435997283675,458.0
15770,1435997283695,458.0
15771,1435997283714,457.0
15772,1435997283733,457.0
15773,1435997283754,457.0
15774,1435997283776,457.0
15775,1435997283797,626.0
15776,1435997283817,680.0
15777,1435997283835,680.0
15778,1435997283885,536.0
15779,1435997283886,536.0
15780,1435997283910,472.0
15781,1435997283912,472.0
15782,1435997283936,498.0
15783,1435997283957,498.0
15784,1435997283976,488.0
15785,1435997283994,488.0
15786,1435997284013,456.0
15787,1435997284034,542.0
15788,1435997284053,542.0
15789,1435997284100,458.0
15790,1435997284101,458.0
15791,1435997284113,439.0
15792,1435997284134,439.0
15793,1435997284153,435.0
15794,1435997284175,435.0
15795,1435997284194,431.0
15796,1435997284213,431.0
15797,1435997284238,420.0
15798,1435997284256,417.0
15799,1435997284275,417.0
15800,1435997284295,414.0
15801,1435997284313,414.0
15802,1435997284335,411.0
15803,1435997284357,411.0
15804,1435997284377,411.0
15805,1435997284397,411.0
15806,1435997284417,411.0
15807,1435997284434,411.0
15808,1435997284453,497.0
15809,1435997284475,463.0
15810,1435997284500,463.0
15811,1435997284520,419.0
15812,1435997284535,419.0
15813,1435997284553,423.0
15814,1435997284576,423.0
15815,1435997284597,428.0
15816,1435997284615,428.0
15817,1435997284634,433.0
15818,1435997284654,441.0
15819,1435997284679,441.0
15820,1435997284805,452.0
15821,1435997284846,452.0
15822,1435997284847,455.0
15823,1435997284848,455.0
15824,1435997284849,454.0
15825,1435997284850,454.0
15826,1435997284851,455.0
15827,1435997284852,455.0
15828,1435997284883,455.0
15829,1435997284884,462.0
15830,1435997284896,462.0
15831,1435997284959,465.0
15832,1435997284960,465.0
15833,1435997284961,508.0
15834,1435997284983,508.0
15835,1435997284995,527.0
15836,1435997285014,527.0
15837,1435997285034,508.0
15838,1435997285054,508.0
15839,1435997285075,480.0
15840,1435997285096,573.0
15841,1435997285114,573.0
15842,1435997285137,772.0
15843,1435997285155,772.0
15844,1435997285178,1004.0
15845,1435997285197,1004.0
15846,1435997285214,1121.0
15847,1435997285234,1121.0
15848,1435997285254,605.0
15849,1435997285277,605.0
15850,1435997285297,498.0
15851,1435997285318,498.0
15852,1435997285336,498.0
15853,1435997285354,505.0
15854,1435997285374,505.0
15855,1435997285396,497.0
15856,1435997285417,497.0
15857,1435997285438,531.0
15858,1435997285458,531.0
15859,1435997285474,506.0
15860,1435997285495,494.0
15861,1435997285516,494.0
15862,1435997285534,507.0
15863,1435997285554,507.0
15864,1435997285575,497.0
15865,1435997285595,497.0
15866,1435997285615,499.0
15867,1435997285635,499.0
15868,1435997285656,499.0
15869,1435997285677,499.0
15870,1435997285699,503.0
15871,1435997285718,523.0
15872,1435997285737,523.0
15873,1435997285756,1162.0
15874,1435997285775,1162.0
15875,1435997285795,1266.0
15876,1435997285815,1266.0
15877,1435997285837,889.0
15878,1435997285855,889.0
15879,1435997285876,1129.0
15880,1435997285895,1129.0
15881,1435997285915,923.0
15882,1435997285935,564.0
15883,1435997285958,564.0
15884,1435997285977,540.0
15885,1435997285998,540.0
15886,1435997286018,541.0
15887,1435997286037,541.0
15888,1435997286059,578.0
15889,1435997286079,578.0
15890,1435997286098,557.0
15891,1435997286166,557.0
15892,1435997286167,601.0
15893,1435997286168,510.0
15894,1435997286189,510.0
15895,1435997286198,509.0
15896,1435997286217,509.0
15897,1435997286240,513.0
15898,1435997286256,513.0
15899,1435997286276,647.0
15900,1435997286296,647.0
15901,1435997286317,543.0
15902,1435997286336,543.0
15903,1435997286356,536.0
15904,1435997286378,539.0
15905,1435997286399,539.0
15906,1435997286418,536.0
15907,1435997286437,536.0
15908,1435997286456,537.0
15909,1435997286476,537.0
15910,1435997286496,537.0
15911,1435997286516,537.0
15912,1435997286537,541.0
15913,1435997286558,539.0
15914,1435997286576,539.0
15915,1435997286598,538.0
15916,1435997286618,538.0
15917,1435997286687,542.0
15918,1435997286688,542.0
15919,1435997286689,538.0
15920,1435997286702,538.0
15921,1435997286723,536.0
15922,1435997286743,536.0
15923,1435997286757,533.0
15924,1435997286789,539.0
15925,1435997286799,539.0
15926,1435997286816,541.0
15927,1435997286860,541.0
15928,1435997286861,550.0
15929,1435997287018,550.0
15930,1435997287023,549.0
15931,1435997287024,549.0
15932,1435997287025,558.0
15933,1435997287026,558.0
15934,1435997287027,565.0
15935,1435997287028,562.0
15936,1435997287029,562.0
15937,1435997287037,558.0
15938,1435997287056,558.0
15939,1435997287077,560.0
15940,1435997287113,560.0
15941,1435997287134,564.0
15942,1435997287137,564.0
15943,1435997287159,558.0
15944,1435997287187,558.0
15945,1435997287201,554.0
15946,1435997287215,556.0
15947,1435997287235,556.0
15948,1435997287255,555.0
15949,1435997287275,555.0
15950,1435997287295,557.0
15951,1435997287315,557.0
15952,1435997287335,560.0
15953,1435997287355,560.0
15954,1435997287375,570.0
15955,1435997287395,579.0
15956,1435997287415,579.0
15957,1435997287435,583.0
15958,1435997287455,583.0
15959,1435997287475,590.0
15960,1435997287495,590.0
15961,1435997287515,594.0
15962,1435997287535,594.0
15963,1435997287555,598.0
15964,1435997287575,598.0
15965,1435997287595,601.0
15966,1435997287615,593.0
15967,1435997287644,593.0
15968,1435997287656,587.0
15969,1435997287676,587.0
15970,1435997287696,587.0
15971,1435997287716,587.0
15972,1435997287736,589.0
15973,1435997287756,589.0
15974,1435997287776,584.0
15975,1435997287796,584.0
15976,1435997287816,589.0
15977,1435997287836,590.0
15978,1435997287856,590.0
15979,1435997287876,591.0
15980,1435997287896,591.0
15981,1435997287916,592.0
15982,1435997287936,592.0
15983,1435997287956,597.0
15984,1435997287976,597.0
15985,1435997287996,601.0
15986,1435997288016,601.0
15987,1435997288036,604.0
15988,1435997288056,666.0
15989,1435997288076,666.0
15990,1435997288096,623.0
15991,1435997288116,623.0
15992,1435997288136,637.0
15993,1435997288156,637.0
15994,1435997288176,698.0
15995,1435997288203,698.0
15996,1435997288216,801.0
15997,1435997288236,801.0
15998,1435997288256,733.0
15999,1435997288276,854.0
16000,1435997288296,854.0
16001,1435997288316,845.0
16002,1435997288336,845.0
16003,1435997288356,728.0
16004,1435997288376,728.0
16005,1435997288396,630.0
16006,1435997288416,630.0
16007,1435997288436,636.0
16008,1435997288456,638.0
16009,1435997288476,638.0
16010,1435997288496,636.0
16011,1435997288516,636.0
16012,1435997288536,633.0
16013,1435997288556,633.0
16014,1435997288576,645.0
16015,1435997288596,645.0
16016,1435997288616,652.0
16017,1435997288636,652.0
16018,1435997288656,640.0
16019,1435997288676,633.0
16020,1435997288697,633.0
16021,1435997288717,637.0
16022,1435997288737,637.0
16023,1435997288757,635.0
16024,1435997288776,635.0
16025,1435997288797,630.0
16026,1435997288817,630.0
16027,1435997288837,630.0
16028,1435997288863,630.0
16029,1435997288877,628.0
16030,1435997288897,629.0
16031,1435997288917,629.0
16032,1435997288937,634.0
16033,1435997288957,634.0
16034,1435997288977,639.0
16035,1435997288997,639.0
16036,1435997289017,642.0
16037,1435997289037,642.0
16038,1435997289057,643.0
16039,1435997289077,643.0
16040,1435997289097,647.0
16041,1435997289117,648.0
16042,1435997289137,648.0
16043,1435997289157,645.0
16044,1435997289177,645.0
16045,1435997289197,630.0
16046,1435997289217,630.0
16047,1435997289237,633.0
16048,1435997289257,633.0
16049,1435997289277,640.0
16050,1435997289297,652.0
16051,1435997289317,652.0
16052,1435997289337,656.0
16053,1435997289357,656.0
16054,1435997289377,666.0
16055,1435997289397,666.0
16056,1435997289417,658.0
16057,1435997289437,658.0
16058,1435997289457,660.0
16059,1435997289477,660.0
16060,1435997289497,665.0
16061,1435997289517,676.0
16062,1435997289537,676.0
16063,1435997289559,680.0
16064,1435997289583,680.0
16065,1435997289599,678.0
16066,1435997289618,678.0
16067,1435997289639,694.0
16068,1435997289660,694.0
16069,1435997289680,707.0
16070,1435997289698,707.0
16071,1435997289720,690.0
16072,1435997289739,681.0
16073,1435997289759,681.0
16074,1435997289779,685.0
16075,1435997289799,685.0
16076,1435997289845,678.0
16077,1435997289846,678.0
16078,1435997289858,682.0
16079,1435997289879,682.0
16080,1435997289900,686.0
16081,1435997289920,686.0
16082,1435997289938,688.0
16083,1435997289959,690.0
16084,1435997289978,690.0
16085,1435997290000,712.0
16086,1435997290023,712.0
16087,1435997290041,708.0
16088,1435997290062,708.0
16089,1435997290080,722.0
16090,1435997290098,722.0
16091,1435997290122,728.0
16092,1435997290143,733.0
16093,1435997290162,733.0
16094,1435997290181,740.0
16095,1435997290201,740.0
16096,1435997290225,736.0
16097,1435997290240,736.0
16098,1435997290264,760.0
16099,1435997290284,760.0
16100,1435997290305,1156.0
16101,1435997290323,1156.0
16102,1435997290341,1437.0
16103,1435997290360,1109.0
16104,1435997290380,1109.0
16105,1435997290400,747.0
16106,1435997290424,747.0
16107,1435997290445,754.0
16108,1435997290462,754.0
16109,1435997290483,735.0
16110,1435997290541,735.0
16111,1435997290542,721.0
16112,1435997290543,721.0
16113,1435997290563,723.0
16114,1435997290581,716.0
16115,1435997290604,716.0
16116,1435997290620,716.0
16117,1435997290642,716.0
16118,1435997290662,721.0
16119,1435997290680,721.0
16120,1435997290701,737.0
16121,1435997290721,737.0
16122,1435997290747,753.0
16123,1435997290763,753.0
16124,1435997290783,746.0
16125,1435997290802,734.0
16126,1435997290821,734.0
16127,1435997290841,745.0
16128,1435997290863,745.0
16129,1435997290883,748.0
16130,1435997290903,748.0
16131,1435997290924,766.0
16132,1435997290941,766.0
16133,1435997290963,753.0
16134,1435997290982,753.0
16135,1435997291001,755.0
16136,1435997291020,758.0
16137,1435997291040,758.0
16138,1435997291064,755.0
16139,1435997291085,755.0
16140,1435997291106,756.0
16141,1435997291124,756.0
16142,1435997291143,752.0
16143,1435997291161,752.0
16144,1435997291181,756.0
16145,1435997291203,757.0
16146,1435997291288,757.0
16147,1435997291289,764.0
16148,1435997291290,764.0
16149,1435997291291,815.0
16150,1435997291303,815.0
16151,1435997291331,1399.0
16152,1435997291343,1399.0
16153,1435997291362,1051.0
16154,1435997291385,1051.0
16155,1435997291405,786.0
16156,1435997291449,791.0
16157,1435997291450,791.0
16158,1435997291461,791.0
16159,1435997291480,791.0
16160,1435997291501,793.0
16161,1435997291521,793.0
16162,1435997291541,771.0
16163,1435997291561,771.0
16164,1435997291582,844.0
16165,1435997291601,844.0
16166,1435997291621,770.0
16167,1435997291642,1283.0
16168,1435997291661,1283.0
16169,1435997291681,1458.0
16170,1435997291700,1458.0
16171,1435997291720,934.0
16172,1435997291743,934.0
16173,1435997291761,1769.0
16174,1435997291780,1769.0
16175,1435997291804,990.0
16176,1435997291824,990.0
16177,1435997291845,1612.0
16178,1435997291865,827.0
16179,1435997291884,827.0
16180,1435997291905,1300.0
16181,1435997291921,1300.0
16182,1435997291941,2124.0
16183,1435997291975,2124.0
16184,1435997291980,2460.0
16185,1435997292000,2460.0
16186,1435997292020,2238.0
16187,1435997292041,4283.0
16188,1435997292064,1619.0
16189,1435997292080,1653.0
16190,1435997292100,1653.0
16191,1435997292127,1678.0
16192,1435997292141,1678.0
16193,1435997292164,868.0
16194,1435997292185,868.0
16195,1435997292203,811.0
16196,1435997292221,811.0
16197,1435997292243,770.0
16198,1435997292261,1198.0
16199,1435997292281,1198.0
16200,1435997292301,1449.0
16201,1435997292323,1449.0
16202,1435997292342,1087.0
16203,1435997292367,1087.0
16204,1435997292386,1573.0
16205,1435997292406,1573.0
16206,1435997292424,907.0
16207,1435997292441,907.0
16208,1435997292461,792.0
16209,1435997292481,674.0
16210,1435997292505,674.0
16211,1435997292527,813.0
16212,1435997292546,813.0
16213,1435997292562,804.0
16214,1435997292585,804.0
16215,1435997292612,650.0
16216,1435997292621,650.0
16217,1435997292641,658.0
16218,1435997292661,658.0
16219,1435997292683,652.0
16220,1435997292701,654.0
16221,1435997292727,654.0
16222,1435997292741,654.0
16223,1435997292764,654.0
16224,1435997292781,659.0
16225,1435997292801,659.0
16226,1435997292821,685.0
16227,1435997292841,685.0
16228,1435997292862,883.0
16229,1435997292882,883.0
16230,1435997292901,714.0
16231,1435997292923,680.0
16232,1435997292941,680.0
16233,1435997292962,676.0
16234,1435997292981,676.0
16235,1435997293001,662.0
16236,1435997293021,662.0
16237,1435997293041,1116.0
16238,1435997293061,1116.0
16239,1435997293081,1710.0
16240,1435997293101,1536.0
16241,1435997293121,1536.0
16242,1435997293141,1031.0
16243,1435997293161,1031.0
16244,1435997293181,1105.0
16245,1435997293201,1105.0
16246,1435997293221,1042.0
16247,1435997293241,1042.0
16248,1435997293261,1770.0
16249,1435997293281,1770.0
16250,1435997293301,1992.0
16251,1435997293321,656.0
16252,1435997293342,656.0
16253,1435997293361,635.0
16254,1435997293381,635.0
16255,1435997293401,639.0
16256,1435997293421,639.0
16257,1435997293457,669.0
16258,1435997293461,669.0
16259,1435997293481,646.0
16260,1435997293501,646.0
16261,1435997293521,654.0
16262,1435997293542,639.0
16263,1435997293561,639.0
16264,1435997293581,629.0
16265,1435997293602,629.0
16266,1435997293622,619.0
16267,1435997293642,619.0
16268,1435997293661,677.0
16269,1435997293683,677.0
16270,1435997293701,699.0
16271,1435997293721,699.0
16272,1435997293741,602.0
16273,1435997293761,593.0
16274,1435997293781,593.0
16275,1435997293801,592.0
16276,1435997293821,592.0
16277,1435997293841,595.0
16278,1435997293861,595.0
16279,1435997293881,596.0
16280,1435997293901,596.0
16281,1435997293921,600.0
16282,1435997293941,600.0
16283,1435997293961,614.0
16284,1435997293981,690.0
16285,1435997294001,690.0
16286,1435997294021,623.0
16287,1435997294041,623.0
16288,1435997294061,631.0
16289,1435997294081,631.0
16290,1435997294101,636.0
16291,1435997294121,636.0
16292,1435997294142,649.0
16293,1435997294162,708.0
16294,1435997294182,708.0
16295,1435997294202,849.0
16296,1435997294222,849.0
16297,1435997294242,636.0
16298,1435997294262,636.0
16299,1435997294282,623.0
16300,1435997294302,623.0
16301,1435997294322,622.0
16302,1435997294343,622.0
16303,1435997294362,619.0
16304,1435997294386,628.0
16305,1435997294402,628.0
16306,1435997294423,644.0
16307,1435997294443,644.0
16308,1435997294462,650.0
16309,1435997294482,650.0
16310,1435997294502,651.0
16311,1435997294522,651.0
16312,1435997294542,652.0
16313,1435997294562,652.0
16314,1435997294582,648.0
16315,1435997294602,651.0
16316,1435997294622,651.0
16317,1435997294642,649.0
16318,1435997294663,649.0
16319,1435997294682,653.0
16320,1435997294702,653.0
16321,1435997294722,659.0
16322,1435997294743,659.0
16323,1435997294762,672.0
16324,1435997294792,672.0
16325,1435997294802,700.0
16326,1435997294822,772.0
16327,1435997294843,772.0
16328,1435997294862,676.0
16329,1435997294882,676.0
16330,1435997294902,655.0
16331,1435997294923,655.0
16332,1435997294943,664.0
16333,1435997294963,664.0
16334,1435997294983,668.0
16335,1435997295003,740.0
16336,1435997295023,740.0
16337,1435997295043,649.0
16338,1435997295063,649.0
16339,1435997295083,647.0
16340,1435997295103,647.0
16341,1435997295123,650.0
16342,1435997295143,650.0
16343,1435997295163,657.0
16344,1435997295183,657.0
16345,1435997295203,680.0
16346,1435997295223,691.0
16347,1435997295243,691.0
16348,1435997295263,693.0
16349,1435997295283,693.0
16350,1435997295303,836.0
16351,1435997295323,836.0
16352,1435997295343,724.0
16353,1435997295363,724.0
16354,1435997295383,694.0
16355,1435997295403,694.0
16356,1435997295423,1203.0
16357,1435997295443,785.0
16358,1435997295463,785.0
16359,1435997295483,647.0
16360,1435997295503,647.0
16361,1435997295523,645.0
16362,1435997295543,645.0
16363,1435997295563,653.0
16364,1435997295583,653.0
16365,1435997295603,758.0
16366,1435997295623,758.0
16367,1435997295644,1574.0
16368,1435997295663,671.0
16369,1435997295683,671.0
16370,1435997295703,656.0
16371,1435997295723,656.0
16372,1435997295743,658.0
16373,1435997295763,658.0
16374,1435997295783,668.0
16375,1435997295803,668.0
16376,1435997295823,722.0
16377,1435997295843,722.0
16378,1435997295863,1574.0
16379,1435997295883,863.0
16380,1435997295903,863.0
16381,1435997295923,656.0
16382,1435997295943,656.0
16383,1435997295963,649.0
16384,1435997295983,649.0
16385,1435997296003,669.0
16386,1435997296023,669.0
16387,1435997296043,668.0
16388,1435997296063,634.0
16389,1435997296083,634.0
16390,1435997296103,625.0
16391,1435997296123,625.0
16392,1435997296143,641.0
16393,1435997296163,641.0
16394,1435997296183,651.0
16395,1435997296203,651.0
16396,1435997296223,653.0
16397,1435997296244,653.0
16398,1435997296264,648.0
16399,1435997296284,639.0
16400,1435997296304,639.0
16401,1435997296324,641.0
16402,1435997296344,641.0
16403,1435997296364,641.0
16404,1435997296384,641.0
16405,1435997296404,644.0
16406,1435997296424,644.0
16407,1435997296444,637.0
16408,1435997296464,637.0
16409,1435997296484,656.0
16410,1435997296504,1579.0
16411,1435997296524,1579.0
16412,1435997296544,2119.0
16413,1435997296564,2119.0
16414,1435997296584,2369.0
16415,1435997296604,2369.0
16416,1435997296624,2641.0
16417,1435997296644,2641.0
16418,1435997296664,1993.0
16419,1435997296685,1993.0
16420,1435997296706,1557.0
16421,1435997296726,2833.0
16422,1435997296747,2833.0
16423,1435997296765,2696.0
16424,1435997296785,2696.0
16425,1435997296806,2027.0
16426,1435997296826,2027.0
16427,1435997296846,1198.0
16428,1435997296867,1198.0
16429,1435997296887,1172.0
16430,1435997296907,2093.0
16431,1435997296925,2093.0
16432,1435997296946,2233.0
16433,1435997296966,2233.0
16434,1435997296986,1391.0
16435,1435997297020,1391.0
16436,1435997297028,800.0
16437,1435997297045,800.0
16438,1435997297066,705.0
16439,1435997297085,705.0
16440,1435997297105,847.0
16441,1435997297125,1193.0
16442,1435997297147,1193.0
16443,1435997297167,2418.0
16444,1435997297187,2418.0
16445,1435997297207,3186.0
16446,1435997297228,3186.0
16447,1435997297247,3045.0
16448,1435997297266,3045.0
16449,1435997297287,3019.0
16450,1435997297307,3019.0
16451,1435997297327,2990.0
16452,1435997297352,2905.0
16453,1435997297366,2905.0
16454,1435997297387,2718.0
16455,1435997297407,2718.0
16456,1435997297427,2915.0
16457,1435997297448,2915.0
16458,1435997297466,2291.0
16459,1435997297489,2291.0
16460,1435997297509,810.0
16461,1435997297528,810.0
16462,1435997297547,571.0
16463,1435997297566,1010.0
16464,1435997297586,1010.0
16465,1435997297607,1864.0
16466,1435997297674,1864.0
16467,1435997297675,536.0
16468,1435997297676,536.0
16469,1435997297696,484.0
16470,1435997297706,484.0
16471,1435997297729,493.0
16472,1435997297747,493.0
16473,1435997297767,472.0
16474,1435997297787,463.0
16475,1435997297807,463.0
16476,1435997297828,459.0
16477,1435997297850,459.0
16478,1435997297867,457.0
16479,1435997297887,457.0
16480,1435997297908,456.0
16481,1435997297927,456.0
16482,1435997297948,451.0
16483,1435997297969,448.0
16484,1435997297988,448.0
16485,1435997298008,452.0
16486,1435997298028,452.0
16487,1435997298047,447.0
16488,1435997298067,447.0
16489,1435997298088,439.0
16490,1435997298107,439.0
16491,1435997298127,448.0
16492,1435997298148,448.0
16493,1435997298168,625.0
16494,1435997298188,492.0
16495,1435997298207,492.0
16496,1435997298230,430.0
16497,1435997298249,430.0
16498,1435997298268,425.0
16499,1435997298288,425.0
16500,1435997298307,432.0
16501,1435997298328,432.0
16502,1435997298347,428.0
16503,1435997298415,428.0
16504,1435997298416,421.0
16505,1435997298417,419.0
16506,1435997298438,419.0
16507,1435997298448,420.0
16508,1435997298470,420.0
16509,1435997298487,420.0
16510,1435997298507,420.0
16511,1435997298532,420.0
16512,1435997298547,420.0
16513,1435997298567,427.0
16514,1435997298590,427.0
16515,1435997298609,417.0
16516,1435997298630,409.0
16517,1435997298648,409.0
16518,1435997298668,407.0
16519,1435997298688,407.0
16520,1435997298708,409.0
16521,1435997298728,409.0
16522,1435997298750,407.0
16523,1435997298769,407.0
16524,1435997298789,402.0
16525,1435997298811,399.0
16526,1435997298830,399.0
16527,1435997298849,397.0
16528,1435997298868,397.0
16529,1435997298889,400.0
16530,1435997298910,400.0
16531,1435997298930,527.0
16532,1435997298959,527.0
16533,1435997298968,440.0
16534,1435997298988,440.0
16535,1435997299010,429.0
16536,1435997299030,434.0
16537,1435997299051,434.0
16538,1435997299071,392.0
16539,1435997299091,392.0
16540,1435997299114,392.0
16541,1435997299189,392.0
16542,1435997299190,395.0
16543,1435997299191,395.0
16544,1435997299192,398.0
16545,1435997299211,398.0
16546,1435997299234,403.0
16547,1435997299248,392.0
16548,1435997299269,392.0
16549,1435997299289,384.0
16550,1435997299309,384.0
16551,1435997299329,378.0
16552,1435997299348,378.0
16553,1435997299369,372.0
16554,1435997299403,372.0
16555,1435997299408,367.0
16556,1435997299428,367.0
16557,1435997299448,361.0
16558,1435997299468,359.0
16559,1435997299490,359.0
16560,1435997299508,357.0
16561,1435997299528,357.0
16562,1435997299548,356.0
16563,1435997299568,356.0
16564,1435997299590,357.0
16565,1435997299609,357.0
16566,1435997299628,358.0
16567,1435997299649,358.0
16568,1435997299670,365.0
16569,1435997299689,381.0
16570,1435997299709,381.0
16571,1435997299729,386.0
16572,1435997299751,386.0
16573,1435997299771,392.0
16574,1435997299791,392.0
16575,1435997299810,383.0
16576,1435997299839,383.0
16577,1435997299936,387.0
16578,1435997299937,385.0
16579,1435997299938,385.0
16580,1435997299939,376.0
16581,1435997299940,376.0
16582,1435997299954,374.0
16583,1435997299973,374.0
16584,1435997299990,373.0
16585,1435997300009,373.0
16586,1435997300031,373.0
16587,1435997300050,373.0
16588,1435997300070,372.0
16589,1435997300089,376.0
16590,1435997300111,376.0
16591,1435997300130,376.0
16592,1435997300151,376.0
16593,1435997300169,377.0
16594,1435997300191,377.0
16595,1435997300210,377.0
16596,1435997300229,377.0
16597,1435997300250,376.0
16598,1435997300271,376.0
16599,1435997300292,378.0
16600,1435997300312,377.0
16601,1435997300333,377.0
16602,1435997300351,378.0
16603,1435997300373,378.0
16604,1435997300392,375.0
16605,1435997300410,375.0
16606,1435997300429,369.0
16607,1435997300449,369.0
16608,1435997300473,363.0
16609,1435997300493,363.0
16610,1435997300513,366.0
16611,1435997300533,365.0
16612,1435997300553,365.0
16613,1435997300575,363.0
16614,1435997300593,363.0
16615,1435997300619,360.0
16616,1435997300676,360.0
16617,1435997300677,359.0
16618,1435997300678,359.0
16619,1435997300701,359.0
16620,1435997300709,361.0
16621,1435997300739,361.0
16622,1435997300751,364.0
16623,1435997300771,364.0
16624,1435997300790,366.0
16625,1435997300811,366.0
16626,1435997300830,370.0
16627,1435997300856,370.0
16628,1435997300870,372.0
16629,1435997300890,372.0
16630,1435997300914,378.0
16631,1435997300932,378.0
16632,1435997300951,378.0
16633,1435997300970,369.0
16634,1435997300992,369.0
16635,1435997301012,366.0
16636,1435997301032,366.0
16637,1435997301052,374.0
16638,1435997301076,374.0
16639,1435997301090,377.0
16640,1435997301113,377.0
16641,1435997301133,373.0
16642,1435997301153,370.0
16643,1435997301173,370.0
16644,1435997301192,369.0
16645,1435997301212,369.0
16646,1435997301231,368.0
16647,1435997301250,368.0
16648,1435997301273,368.0
16649,1435997301294,368.0
16650,1435997301314,369.0
16651,1435997301332,369.0
16652,1435997301354,373.0
16653,1435997301407,376.0
16654,1435997301408,376.0
16655,1435997301411,379.0
16656,1435997301432,379.0
16657,1435997301454,393.0
16658,1435997301478,393.0
16659,1435997301490,416.0
16660,1435997301512,416.0
16661,1435997301531,395.0
16662,1435997301550,395.0
16663,1435997301574,392.0
16664,1435997301592,387.0
16665,1435997301615,387.0
16666,1435997301632,384.0
16667,1435997301650,384.0
16668,1435997301671,384.0
16669,1435997301694,384.0
16670,1435997301713,383.0
16671,1435997301733,383.0
16672,1435997301753,378.0
16673,1435997301774,378.0
16674,1435997301794,378.0
16675,1435997301815,375.0
16676,1435997301831,375.0
16677,1435997301852,375.0
16678,1435997301871,375.0
16679,1435997301894,379.0
16680,1435997301914,379.0
16681,1435997301933,386.0
16682,1435997301952,386.0
16683,1435997301971,391.0
16684,1435997301991,391.0
16685,1435997302014,391.0
16686,1435997302034,382.0
16687,1435997302054,382.0
16688,1435997302073,377.0
16689,1435997302093,377.0
16690,1435997302155,380.0
16691,1435997302215,380.0
16692,1435997302216,380.0
16693,1435997302217,380.0
16694,1435997302218,378.0
16695,1435997302219,376.0
16696,1435997302253,376.0
16697,1435997302254,378.0
16698,1435997302271,378.0
16699,1435997302291,376.0
16700,1435997302311,376.0
16701,1435997302331,375.0
16702,1435997302356,375.0
16703,1435997302379,378.0
16704,1435997302391,378.0
16705,1435997302413,382.0
16706,1435997302431,384.0
16707,1435997302451,384.0
16708,1435997302471,384.0
16709,1435997302492,384.0
16710,1435997302512,386.0
16711,1435997302531,386.0
16712,1435997302551,394.0
16713,1435997302571,394.0
16714,1435997302591,403.0
16715,1435997302613,403.0
16716,1435997302631,397.0
16717,1435997302651,386.0
16718,1435997302674,386.0
16719,1435997302694,392.0
16720,1435997302714,392.0
16721,1435997302735,391.0
16722,1435997302752,391.0
16723,1435997302771,392.0
16724,1435997302792,392.0
16725,1435997302814,388.0
16726,1435997302832,389.0
16727,1435997302853,389.0
16728,1435997302883,385.0
16729,1435997302893,385.0
16730,1435997302911,387.0
16731,1435997302931,387.0
16732,1435997302952,390.0
16733,1435997302975,390.0
16734,1435997302991,392.0
16735,1435997303011,392.0
16736,1435997303032,395.0
16737,1435997303056,400.0
16738,1435997303075,400.0
16739,1435997303091,397.0
16740,1435997303114,397.0
16741,1435997303132,400.0
16742,1435997303153,400.0
16743,1435997303173,404.0
16744,1435997303196,404.0
16745,1435997303213,400.0
16746,1435997303235,400.0
16747,1435997303254,398.0
16748,1435997303273,402.0
16749,1435997303292,402.0
16750,1435997303313,403.0
16751,1435997303333,403.0
16752,1435997303352,408.0
16753,1435997303449,408.0
16754,1435997303450,409.0
16755,1435997303451,409.0
16756,1435997303452,410.0
16757,1435997303535,410.0
16758,1435997303536,411.0
16759,1435997303537,414.0
16760,1435997303538,414.0
16761,1435997303539,416.0
16762,1435997303585,416.0
16763,1435997303586,417.0
16764,1435997303600,417.0
16765,1435997303619,426.0
16766,1435997303641,426.0
16767,1435997303654,1155.0
16768,1435997303674,7704.0
16769,1435997303694,479.0
16770,1435997303713,423.0
16771,1435997303733,423.0
16772,1435997303756,415.0
16773,1435997303774,415.0
16774,1435997303796,417.0
16775,1435997303816,417.0
16776,1435997303835,415.0
16777,1435997303856,415.0
16778,1435997303875,466.0
16779,1435997303896,407.0
16780,1435997303914,407.0
16781,1435997303933,402.0
16782,1435997303953,402.0
16783,1435997303975,400.0
16784,1435997303993,400.0
16785,1435997304016,402.0
16786,1435997304035,402.0
16787,1435997304058,424.0
16788,1435997304074,424.0
16789,1435997304093,423.0
16790,1435997304114,411.0
16791,1435997304134,411.0
16792,1435997304153,408.0
16793,1435997304175,408.0
16794,1435997304196,415.0
16795,1435997304217,415.0
16796,1435997304235,407.0
16797,1435997304307,407.0
16798,1435997304308,405.0
16799,1435997304309,405.0
16800,1435997304326,510.0
16801,1435997304335,435.0
16802,1435997304353,435.0
16803,1435997304375,606.0
16804,1435997304394,606.0
16805,1435997304414,649.0
16806,1435997304434,649.0
16807,1435997304455,399.0
16808,1435997304477,399.0
16809,1435997304494,403.0
16810,1435997304513,403.0
16811,1435997304535,402.0
16812,1435997304553,564.0
16813,1435997304583,564.0
16814,1435997304593,399.0
16815,1435997304614,399.0
16816,1435997304635,401.0
16817,1435997304654,401.0
16818,1435997304674,403.0
16819,1435997304694,403.0
16820,1435997304714,414.0
16821,1435997304735,410.0
16822,1435997304753,410.0
16823,1435997304774,488.0
16824,1435997304794,488.0
16825,1435997304820,1711.0
16826,1435997304840,1711.0
16827,1435997304860,721.0
16828,1435997304889,721.0
16829,1435997304895,414.0
16830,1435997304913,414.0
16831,1435997304934,405.0
16832,1435997304954,398.0
16833,1435997304974,398.0
16834,1435997305011,493.0
16835,1435997305020,493.0
16836,1435997305034,397.0
16837,1435997305055,397.0
16838,1435997305074,395.0
16839,1435997305094,395.0
16840,1435997305114,398.0
16841,1435997305134,398.0
16842,1435997305154,394.0
16843,1435997305176,398.0
16844,1435997305205,398.0
16845,1435997305216,400.0
16846,1435997305235,400.0
16847,1435997305255,404.0
16848,1435997305276,404.0
16849,1435997305298,412.0
16850,1435997305317,412.0
16851,1435997305335,410.0
16852,1435997305354,410.0
16853,1435997305374,407.0
16854,1435997305395,418.0
16855,1435997305415,418.0
16856,1435997305436,421.0
16857,1435997305456,421.0
16858,1435997305478,421.0
16859,1435997305497,421.0
16860,1435997305521,420.0
16861,1435997305536,420.0
16862,1435997305556,422.0
16863,1435997305584,423.0
16864,1435997305597,423.0
16865,1435997305616,424.0
16866,1435997305639,424.0
16867,1435997305659,427.0
16868,1435997305675,427.0
16869,1435997305695,432.0
16870,1435997305788,432.0
16871,1435997305789,435.0
16872,1435997305790,435.0
16873,1435997305791,440.0
16874,1435997305821,444.0
16875,1435997305838,444.0
16876,1435997305839,443.0
16877,1435997305859,443.0
16878,1435997305876,442.0
16879,1435997305894,442.0
16880,1435997305915,446.0
16881,1435997305934,446.0
16882,1435997305955,450.0
16883,1435997305978,450.0
16884,1435997305994,455.0
16885,1435997306026,462.0
16886,1435997306034,462.0
16887,1435997306057,465.0
16888,1435997306078,465.0
16889,1435997306095,463.0
16890,1435997306114,463.0
16891,1435997306135,473.0
16892,1435997306157,473.0
16893,1435997306177,482.0
16894,1435997306197,482.0
16895,1435997306213,487.0
16896,1435997306233,897.0
16897,1435997306254,897.0
16898,1435997306276,711.0
16899,1435997306297,711.0
16900,1435997306316,699.0
16901,1435997306337,699.0
16902,1435997306356,494.0
16903,1435997306376,494.0
16904,1435997306395,497.0
16905,1435997306414,497.0
16906,1435997306435,505.0
16907,1435997306456,506.0
16908,1435997306478,506.0
16909,1435997306494,513.0
16910,1435997306514,513.0
16911,1435997306535,518.0
16912,1435997306556,518.0
16913,1435997306575,558.0
16914,1435997306595,558.0
16915,1435997306615,527.0
16916,1435997306636,527.0
16917,1435997306655,527.0
16918,1435997306674,528.0
16919,1435997306695,528.0
16920,1435997306716,546.0
16921,1435997306738,546.0
16922,1435997306758,546.0
16923,1435997306777,546.0
16924,1435997306798,541.0
16925,1435997306815,541.0
16926,1435997306836,543.0
16927,1435997306857,548.0
16928,1435997306877,548.0
16929,1435997306898,551.0
16930,1435997306919,551.0
16931,1435997306940,543.0
16932,1435997306960,543.0
16933,1435997306977,547.0
16934,1435997306995,547.0
16935,1435997307015,553.0
16936,1435997307037,553.0
16937,1435997307062,556.0
16938,1435997307099,563.0
16939,1435997307100,563.0
16940,1435997307119,560.0
16941,1435997307137,560.0
16942,1435997307156,592.0
16943,1435997307178,592.0
16944,1435997307196,641.0
16945,1435997307216,641.0
16946,1435997307237,620.0
16947,1435997307258,620.0
16948,1435997307277,579.0
16949,1435997307297,575.0
16950,1435997307316,575.0
16951,1435997307336,578.0
16952,1435997307356,578.0
16953,1435997307376,581.0
16954,1435997307398,581.0
16955,1435997307418,579.0
16956,1435997307437,579.0
16957,1435997307459,591.0
16958,1435997307478,581.0
16959,1435997307498,581.0
16960,1435997307517,581.0
16961,1435997307537,581.0
16962,1435997307556,582.0
16963,1435997307576,582.0
16964,1435997307596,589.0
16965,1435997307619,589.0
16966,1435997307638,591.0
16967,1435997307658,591.0
16968,1435997307677,592.0
16969,1435997307697,593.0
16970,1435997307717,593.0
16971,1435997307745,597.0
16972,1435997307815,597.0
16973,1435997307816,597.0
16974,1435997307817,597.0
16975,1435997307818,601.0
16976,1435997307839,601.0
16977,1435997307864,597.0
16978,1435997307878,597.0
16979,1435997307897,592.0
16980,1435997307917,599.0
16981,1435997307936,599.0
16982,1435997307957,602.0
16983,1435997307979,602.0
16984,1435997307997,603.0
16985,1435997308019,603.0
16986,1435997308038,607.0
16987,1435997308058,607.0
16988,1435997308077,605.0
16989,1435997308097,605.0
16990,1435997308117,608.0
16991,1435997308137,612.0
16992,1435997308157,612.0
16993,1435997308177,612.0
16994,1435997308198,612.0
16995,1435997308220,616.0
16996,1435997308239,616.0
16997,1435997308258,620.0
16998,1435997308277,620.0
16999,1435997308297,620.0
17000,1435997308317,618.0
17001,1435997308337,618.0
17002,1435997308358,623.0
17003,1435997308379,623.0
17004,1435997308398,612.0
17005,1435997308417,612.0
17006,1435997308437,608.0
17007,1435997308458,608.0
17008,1435997308485,614.0
17009,1435997308534,614.0
17010,1435997308535,621.0
17011,1435997308537,624.0
17012,1435997308557,624.0
17013,1435997308578,630.0
17014,1435997308601,630.0
17015,1435997308617,634.0
17016,1435997308639,634.0
17017,1435997308658,628.0
17018,1435997308677,628.0
17019,1435997308698,628.0
17020,1435997308718,628.0
17021,1435997308738,627.0
17022,1435997308758,625.0
17023,1435997308777,625.0
17024,1435997308799,625.0
17025,1435997308863,625.0
17026,1435997308864,629.0
17027,1435997308865,629.0
17028,1435997308882,640.0
17029,1435997308919,640.0
17030,1435997308920,636.0
17031,1435997308941,636.0
17032,1435997308958,635.0
17033,1435997308977,636.0
17034,1435997308997,636.0
17035,1435997309018,634.0
17036,1435997309038,634.0
17037,1435997309059,645.0
17038,1435997309078,645.0
17039,1435997309100,648.0
17040,1435997309118,648.0
17041,1435997309143,647.0
17042,1435997309163,647.0
17043,1435997309178,650.0
17044,1435997309235,656.0
17045,1435997309236,656.0
17046,1435997309237,658.0
17047,1435997309257,658.0
17048,1435997309277,661.0
17049,1435997309297,661.0
17050,1435997309317,664.0
17051,1435997309337,664.0
17052,1435997309358,667.0
17053,1435997309377,686.0
17054,1435997309397,686.0
17055,1435997309419,669.0
17056,1435997309440,669.0
17057,1435997309458,671.0
17058,1435997309480,671.0
17059,1435997309499,669.0
17060,1435997309518,669.0
17061,1435997309538,673.0
17062,1435997309559,673.0
17063,1435997309583,681.0
17064,1435997309599,686.0
17065,1435997309618,686.0
17066,1435997309638,686.0
17067,1435997309657,686.0
17068,1435997309679,685.0
17069,1435997309699,685.0
17070,1435997309719,689.0
17071,1435997309739,689.0
17072,1435997309759,692.0
17073,1435997309779,692.0
17074,1435997309799,699.0
17075,1435997309827,769.0
17076,1435997309861,769.0
17077,1435997309862,829.0
17078,1435997309881,829.0
17079,1435997309898,778.0
17080,1435997309918,778.0
17081,1435997309938,721.0
17082,1435997309958,721.0
17083,1435997309978,720.0
17084,1435997309998,720.0
17085,1435997310019,728.0
17086,1435997310039,730.0
17087,1435997310060,730.0
17088,1435997310079,724.0
17089,1435997310099,724.0
17090,1435997310119,716.0
17091,1435997310140,716.0
17092,1435997310158,728.0
17093,1435997310178,728.0
17094,1435997310198,734.0
17095,1435997310219,735.0
17096,1435997310239,735.0
17097,1435997310262,736.0
17098,1435997310283,736.0
17099,1435997310304,737.0
17100,1435997310325,737.0
17101,1435997310342,741.0
17102,1435997310360,741.0
17103,1435997310379,750.0
17104,1435997310399,750.0
17105,1435997310423,807.0
17106,1435997310443,788.0
17107,1435997310464,788.0
17108,1435997310481,759.0
17109,1435997310504,759.0
17110,1435997310582,758.0
17111,1435997310583,758.0
17112,1435997310584,762.0
17113,1435997310585,762.0
17114,1435997310602,808.0
17115,1435997310626,808.0
17116,1435997310639,1142.0
17117,1435997310660,1179.0
17118,1435997310681,1179.0
17119,1435997310699,991.0
17120,1435997310720,991.0
17121,1435997310740,790.0
17122,1435997310759,790.0
17123,1435997310781,779.0
17124,1435997310803,779.0
17125,1435997310822,787.0
17126,1435997310841,787.0
17127,1435997310859,785.0
17128,1435997310880,775.0
17129,1435997310902,775.0
17130,1435997310923,798.0
17131,1435997310942,798.0
17132,1435997310961,817.0
17133,1435997310982,817.0
17134,1435997311002,805.0
17135,1435997311020,805.0
17136,1435997311040,816.0
17137,1435997311060,810.0
17138,1435997311084,810.0
17139,1435997311104,814.0
17140,1435997311119,814.0
17141,1435997311140,832.0
17142,1435997311159,832.0
17143,1435997311180,1070.0
17144,1435997311200,1070.0
17145,1435997311220,1005.0
17146,1435997311303,1005.0
17147,1435997311304,879.0
17148,1435997311305,915.0
17149,1435997311306,915.0
17150,1435997311323,951.0
17151,1435997311340,951.0
17152,1435997311360,864.0
17153,1435997311380,864.0
17154,1435997311400,1655.0
17155,1435997311423,1655.0
17156,1435997311441,1156.0
17157,1435997311461,1156.0
17158,1435997311482,969.0
17159,1435997311501,912.0
17160,1435997311520,912.0
17161,1435997311542,865.0
17162,1435997311563,865.0
17163,1435997311584,867.0
17164,1435997311602,867.0
17165,1435997311622,864.0
17166,1435997311640,864.0
17167,1435997311662,861.0
17168,1435997311682,861.0
17169,1435997311704,865.0
17170,1435997311721,877.0
17171,1435997311743,877.0
17172,1435997311762,876.0
17173,1435997311781,876.0
17174,1435997311800,870.0
17175,1435997311825,870.0
17176,1435997311845,869.0
17177,1435997311866,869.0
17178,1435997311883,884.0
17179,1435997311902,884.0
17180,1435997311923,884.0
17181,1435997311942,891.0
17182,1435997311962,891.0
17183,1435997311981,894.0
17184,1435997312057,894.0
17185,1435997312058,894.0
17186,1435997312060,894.0
17187,1435997312061,896.0
17188,1435997312083,896.0
17189,1435997312107,902.0
17190,1435997312126,913.0
17191,1435997312141,913.0
17192,1435997312160,918.0
17193,1435997312203,918.0
17194,1435997312204,956.0
17195,1435997312224,956.0
17196,1435997312250,931.0
17197,1435997312260,931.0
17198,1435997312280,929.0
17199,1435997312301,929.0
17200,1435997312321,927.0
17201,1435997312341,915.0
17202,1435997312361,915.0
17203,1435997312382,924.0
17204,1435997312401,924.0
17205,1435997312421,928.0
17206,1435997312441,928.0
17207,1435997312463,929.0
17208,1435997312481,929.0
17209,1435997312501,929.0
17210,1435997312521,929.0
17211,1435997312543,930.0
17212,1435997312561,926.0
17213,1435997312583,926.0
17214,1435997312604,925.0
17215,1435997312624,925.0
17216,1435997312643,1034.0
17217,1435997312664,1034.0
17218,1435997312685,973.0
17219,1435997312700,973.0
17220,1435997312723,1066.0
17221,1435997312744,1066.0
17222,1435997312768,957.0
17223,1435997312780,994.0
17224,1435997312801,994.0
17225,1435997312820,1010.0
17226,1435997312842,1010.0
17227,1435997312861,1010.0
17228,1435997312882,1010.0
17229,1435997312901,1018.0
17230,1435997312924,1018.0
17231,1435997312944,1027.0
17232,1435997312964,1024.0
17233,1435997312980,1024.0
17234,1435997313003,1028.0
17235,1435997313021,1028.0
17236,1435997313044,1028.0
17237,1435997313064,1028.0
17238,1435997313084,1037.0
17239,1435997313105,1037.0
17240,1435997313123,1047.0
17241,1435997313142,1047.0
17242,1435997313162,1058.0
17243,1435997313184,1077.0
17244,1435997313203,1077.0
17245,1435997313224,1086.0
17246,1435997313242,1086.0
17247,1435997313264,1091.0
17248,1435997313286,1091.0
17249,1435997313305,1107.0
17250,1435997313324,1107.0
17251,1435997313344,1123.0
17252,1435997313364,1123.0
17253,1435997313391,1144.0
17254,1435997313458,1141.0
17255,1435997313459,1141.0
17256,1435997313460,1146.0
17257,1435997313488,1146.0
17258,1435997313489,1153.0
17259,1435997313505,1153.0
17260,1435997313529,1160.0
17261,1435997313542,1160.0
17262,1435997313564,1167.0
17263,1435997313584,1167.0
17264,1435997313602,1161.0
17265,1435997313625,1168.0
17266,1435997313642,1168.0
17267,1435997313665,1177.0
17268,1435997313684,1177.0
17269,1435997313706,1204.0
17270,1435997313727,1204.0
17271,1435997313747,1228.0
17272,1435997313763,1228.0
17273,1435997313786,1239.0
17274,1435997313804,1255.0
17275,1435997313825,1255.0
17276,1435997313843,1285.0
17277,1435997313868,1285.0
17278,1435997313883,1519.0
17279,1435997313904,1519.0
17280,1435997313926,3094.0
17281,1435997313945,3094.0
17282,1435997313965,7477.0
17283,1435997313985,7477.0
17284,1435997314006,1399.0
17285,1435997314028,1877.0
17286,1435997314046,1877.0
17287,1435997314065,3342.0
17288,1435997314083,3342.0
17289,1435997314103,1749.0
17290,1435997314155,1749.0
17291,1435997314156,1399.0
17292,1435997314295,1399.0
17293,1435997314296,1390.0
17294,1435997314297,1390.0
17295,1435997314298,1415.0
17296,1435997314299,2534.0
17297,1435997314300,2534.0
17298,1435997314301,2042.0
17299,1435997314328,2042.0
17300,1435997314329,1711.0
17301,1435997314375,1711.0
17302,1435997314376,3066.0
17303,1435997314396,3066.0
17304,1435997314403,17468.0
17305,1435997314430,17468.0
17306,1435997314444,14440.0
17307,1435997314466,14594.0
17308,1435997314486,14594.0
17309,1435997314506,13259.0
17310,1435997314528,13259.0
17311,1435997314547,8392.0
17312,1435997314567,8392.0
17313,1435997314584,2709.0
17314,1435997314605,2709.0
17315,1435997314626,1777.0
17316,1435997314644,1777.0
17317,1435997314664,2789.0
17318,1435997314684,2399.0
17319,1435997314703,2399.0
17320,1435997314724,9104.0
17321,1435997314743,9104.0
17322,1435997314765,13963.0
17323,1435997314783,13963.0
17324,1435997314804,14098.0
17325,1435997314825,14098.0
17326,1435997314846,14329.0
17327,1435997314865,14144.0
17328,1435997314891,14144.0
17329,1435997314904,14648.0
17330,1435997314936,14648.0
17331,1435997315007,0.0
17332,1435997315008,15320.0
17333,1435997315009,15320.0
17334,1435997315010,16159.0
17335,1435997315026,16159.0
17336,1435997315047,15291.0
17337,1435997315063,15291.0
17338,1435997315090,12830.0
17339,1435997315118,12830.0
17340,1435997315126,4837.0
17341,1435997315145,5224.0
17342,1435997315164,14667.0
17343,1435997315186,12477.0
17344,1435997315204,12477.0
17345,1435997315226,11337.0
17346,1435997315245,11337.0
17347,1435997315267,9572.0
17348,1435997315287,9572.0
17349,1435997315307,9289.0
17350,1435997315327,9289.0
17351,1435997315346,8193.0
17352,1435997315365,7639.0
17353,1435997315383,7639.0
17354,1435997315405,8231.0
17355,1435997315425,8231.0
17356,1435997315447,8841.0
17357,1435997315467,8841.0
17358,1435997315487,8546.0
17359,1435997315506,8546.0
17360,1435997315556,6951.0
17361,1435997315557,6951.0
17362,1435997315566,3153.0
17363,1435997315588,7410.0
17364,1435997315606,7410.0
17365,1435997315626,10288.0
17366,1435997315644,10288.0
17367,1435997315706,11261.0
17368,1435997315707,11261.0
17369,1435997315708,10125.0
17370,1435997315726,10125.0
17371,1435997315744,9891.0
17372,1435997315764,9891.0
17373,1435997315784,9291.0
17374,1435997315804,8736.0
17375,1435997315825,8736.0
17376,1435997316044,8206.0
17377,1435997316045,8206.0
17378,1435997316046,8072.0
17379,1435997316047,8072.0
17380,1435997316048,7453.0
17381,1435997316049,7453.0
17382,1435997316050,7308.0
17383,1435997316051,7882.0
17384,1435997316052,7722.0
17385,1435997316053,6349.0
17386,1435997316054,6349.0
17387,1435997316087,6294.0
17388,1435997316088,6294.0
17389,1435997316104,7634.0
17390,1435997316125,7634.0
17391,1435997316146,8362.0
17392,1435997316171,8362.0
17393,1435997316190,8931.0
17394,1435997316205,8861.0
17395,1435997316225,8861.0
17396,1435997316245,8945.0
17397,1435997316264,8945.0
17398,1435997316283,9157.0
17399,1435997316304,9157.0
17400,1435997316324,8060.0
17401,1435997316347,8060.0
17402,1435997316369,8109.0
17403,1435997316387,8109.0
17404,1435997316406,6797.0
17405,1435997316425,5488.0
17406,1435997316443,5488.0
17407,1435997316464,4029.0
17408,1435997316483,4029.0
17409,1435997316503,3434.0
17410,1435997316526,3434.0
17411,1435997316545,3360.0
17412,1435997316564,3360.0
17413,1435997316584,3410.0
17414,1435997316606,3410.0
17415,1435997316627,3661.0
17416,1435997316646,4753.0
17417,1435997316667,4753.0
17418,1435997316684,5976.0
17419,1435997316706,5976.0
17420,1435997316726,5798.0
17421,1435997316745,5798.0
17422,1435997316771,6002.0
17423,1435997316785,6002.0
17424,1435997316808,6871.0
17425,1435997316829,7980.0
17426,1435997316849,5618.0
17427,1435997316868,6015.0
17428,1435997316888,6015.0
17429,1435997316907,6018.0
17430,1435997316926,6018.0
17431,1435997316945,5772.0
17432,1435997316966,5772.0
17433,1435997316990,5754.0
17434,1435997317010,5754.0
17435,1435997317027,5954.0
17436,1435997317115,5964.0
17437,1435997317116,5964.0
17438,1435997317117,6034.0
17439,1435997317118,6034.0
17440,1435997317126,5809.0
17441,1435997317154,5809.0
17442,1435997317166,5657.0
17443,1435997317186,5657.0
17444,1435997317207,6720.0
17445,1435997317226,6720.0
17446,1435997317245,7775.0
17447,1435997317266,8487.0
17448,1435997317286,8487.0
17449,1435997317307,9976.0
17450,1435997317327,9976.0
17451,1435997317349,9817.0
17452,1435997317368,9817.0
17453,1435997317387,9581.0
17454,1435997317406,9581.0
17455,1435997317425,9300.0
17456,1435997317445,9300.0
17457,1435997317466,8883.0
17458,1435997317486,8314.0
17459,1435997317509,8314.0
17460,1435997317526,7005.0
17461,1435997317547,7005.0
17462,1435997317566,6212.0
17463,1435997317585,6212.0
17464,1435997317606,5916.0
17465,1435997317631,5916.0
17466,1435997317651,5572.0
17467,1435997317672,5572.0
17468,1435997317689,5757.0
17469,1435997317707,6313.0
17470,1435997317727,6313.0
17471,1435997317747,6975.0
17472,1435997317768,6975.0
17473,1435997317791,7342.0
17474,1435997317868,7342.0
17475,1435997317869,6648.0
17476,1435997317870,6648.0
17477,1435997317871,6798.0
17478,1435997317886,6475.0
17479,1435997317917,5702.0
17480,1435997317926,5702.0
17481,1435997317969,5702.0
17482,1435997317970,6093.0
17483,1435997317986,6093.0
17484,1435997318006,7450.0
17485,1435997318026,7450.0
17486,1435997318049,7657.0
17487,1435997318068,7657.0
17488,1435997318087,8046.0
17489,1435997318107,8638.0
17490,1435997318127,8638.0
17491,1435997318147,8041.0
17492,1435997318167,8041.0
17493,1435997318187,7752.0
17494,1435997318206,7752.0
17495,1435997318225,7617.0
17496,1435997318245,7617.0
17497,1435997318265,7800.0
17498,1435997318285,7800.0
17499,1435997318305,8211.0
17500,1435997318327,7362.0
17501,1435997318347,7362.0
17502,1435997318365,8958.0
17503,1435997318386,8958.0
17504,1435997318406,7913.0
17505,1435997318426,7913.0
17506,1435997318447,6902.0
17507,1435997318468,6902.0
17508,1435997318487,6543.0
17509,1435997318509,6543.0
17510,1435997318538,6691.0
17511,1435997318547,5228.0
17512,1435997318567,5228.0
17513,1435997318586,3969.0
17514,1435997318607,3969.0
17515,1435997318626,3715.0
17516,1435997318647,3715.0
17517,1435997318667,3575.0
17518,1435997318687,3575.0
17519,1435997318709,3408.0
17520,1435997318727,4044.0
17521,1435997318747,3290.0
17522,1435997318767,3282.0
17523,1435997318787,3282.0
17524,1435997318808,3335.0
17525,1435997318828,3335.0
17526,1435997318848,3523.0
17527,1435997318868,3523.0
17528,1435997318889,4982.0
17529,1435997318908,4982.0
17530,1435997318926,6092.0
17531,1435997318949,6679.0
17532,1435997318968,6679.0
17533,1435997318988,7110.0
17534,1435997319009,7110.0
17535,1435997319029,7643.0
17536,1435997319049,7643.0
17537,1435997319068,8454.0
17538,1435997319091,8454.0
17539,1435997319108,7317.0
17540,1435997319127,7317.0
17541,1435997319152,7160.0
17542,1435997319188,8252.0
17543,1435997319189,8252.0
17544,1435997319209,6307.0
17545,1435997319227,6307.0
17546,1435997319247,6404.0
17547,1435997319267,6404.0
17548,1435997319289,6881.0
17549,1435997319308,6881.0
17550,1435997319328,6055.0
17551,1435997319349,6055.0
17552,1435997319368,5802.0
17553,1435997319388,5386.0
17554,1435997319408,5386.0
17555,1435997319428,5350.0
17556,1435997319449,5350.0
17557,1435997319468,5377.0
17558,1435997319488,5377.0
17559,1435997319508,5690.0
17560,1435997319528,5690.0
17561,1435997319550,6174.0
17562,1435997319570,5283.0
17563,1435997319598,6798.0
17564,1435997319613,6299.0
17565,1435997319629,6299.0
17566,1435997319649,5268.0
17567,1435997319668,5268.0
17568,1435997319688,4376.0
17569,1435997319708,4376.0
17570,1435997319730,5023.0
17571,1435997319750,5023.0
17572,1435997319769,4868.0
17573,1435997319789,4354.0
17574,1435997319808,4354.0
17575,1435997319828,3800.0
17576,1435997319848,3800.0
17577,1435997319933,3946.0
17578,1435997319934,3946.0
17579,1435997319935,4495.0
17580,1435997319936,4495.0
17581,1435997319951,4867.0
17582,1435997319973,4867.0
17583,1435997319988,5277.0
17584,1435997320008,6032.0
17585,1435997320029,6032.0
17586,1435997320049,6805.0
17587,1435997320071,6805.0
17588,1435997320094,6924.0
17589,1435997320110,6924.0
17590,1435997320130,7113.0
17591,1435997320155,7113.0
17592,1435997320168,7688.0
17593,1435997320188,7688.0
17594,1435997320209,7157.0
17595,1435997320228,6864.0
17596,1435997320248,6864.0
17597,1435997320268,6117.0
17598,1435997320289,6117.0
17599,1435997320310,5913.0
17600,1435997320330,5913.0
17601,1435997320350,6052.0
17602,1435997320368,6052.0
17603,1435997320388,6428.0
17604,1435997320409,6428.0
17605,1435997320428,6672.0
17606,1435997320449,6932.0
17607,1435997320469,6932.0
17608,1435997320492,8965.0
17609,1435997320509,8965.0
17610,1435997320528,7645.0
17611,1435997320549,7645.0
17612,1435997320574,6715.0
17613,1435997320648,6715.0
17614,1435997320649,7541.0
17615,1435997320650,7977.0
17616,1435997320661,7977.0
17617,1435997320673,8439.0
17618,1435997320689,8439.0
17619,1435997320712,7555.0
17620,1435997320729,7555.0
17621,1435997320749,7226.0
17622,1435997320773,7226.0
17623,1435997320789,7463.0
17624,1435997320814,7463.0
17625,1435997320831,8330.0
17626,1435997320863,7802.0
17627,1435997320869,7802.0
17628,1435997320889,7464.0
17629,1435997320909,7464.0
17630,1435997320929,7274.0
17631,1435997320949,7274.0
17632,1435997320970,7357.0
17633,1435997320989,7357.0
17634,1435997321010,7465.0
17635,1435997321031,7465.0
17636,1435997321052,7753.0
17637,1435997321070,8613.0
17638,1435997321092,8613.0
17639,1435997321111,9033.0
17640,1435997321129,9033.0
17641,1435997321150,8743.0
17642,1435997321169,8743.0
17643,1435997321192,8780.0
17644,1435997321213,8780.0
17645,1435997321233,9249.0
17646,1435997321252,9249.0
17647,1435997321273,7622.0
17648,1435997321292,6392.0
17649,1435997321310,6392.0
17650,1435997321331,6072.0
17651,1435997321397,6072.0
17652,1435997321398,6758.0
17653,1435997321399,6758.0
17654,1435997321418,7211.0
17655,1435997321429,7211.0
17656,1435997321452,5777.0
17657,1435997321470,5707.0
17658,1435997321489,5621.0
17659,1435997321510,7038.0
17660,1435997321529,7038.0
17661,1435997321551,5915.0
17662,1435997321573,5915.0
17663,1435997321590,5707.0
17664,1435997321609,5707.0
17665,1435997321633,5978.0
17666,1435997321653,5978.0
17667,1435997321674,6019.0
17668,1435997321692,5990.0
17669,1435997321712,5990.0
17670,1435997321730,6866.0
17671,1435997321752,6866.0
17672,1435997321773,4322.0
17673,1435997321795,4322.0
17674,1435997321810,4012.0
17675,1435997321832,4012.0
17676,1435997321855,3572.0
17677,1435997321875,3572.0
17678,1435997321894,3594.0
17679,1435997321913,3407.0
17680,1435997321932,3407.0
17681,1435997321951,2297.0
17682,1435997321970,2297.0
17683,1435997321994,1284.0
17684,1435997322013,1284.0
17685,1435997322034,1555.0
17686,1435997322053,1555.0
17687,1435997322075,3131.0
17688,1435997322133,3131.0
17689,1435997322134,3516.0
17690,1435997322135,1738.0
17691,1435997322156,1738.0
17692,1435997322170,1412.0
17693,1435997322194,1412.0
17694,1435997322210,1356.0
17695,1435997322230,1356.0
17696,1435997322254,960.0
17697,1435997322271,960.0
17698,1435997322290,983.0
17699,1435997322311,1029.0
17700,1435997322332,1029.0
17701,1435997322350,1084.0
17702,1435997322374,1084.0
17703,1435997322393,987.0
17704,1435997322414,987.0
17705,1435997322432,982.0
17706,1435997322452,982.0
17707,1435997322470,1023.0
17708,1435997322491,1023.0
17709,1435997322514,1027.0
17710,1435997322535,1090.0
17711,1435997322553,1090.0
17712,1435997322574,1005.0
17713,1435997322594,1005.0
17714,1435997322615,985.0
17715,1435997322635,985.0
17716,1435997322654,1061.0
17717,1435997322671,1061.0
17718,1435997322691,1018.0
17719,1435997322711,1018.0
17720,1435997322734,2015.0
17721,1435997322755,1233.0
17722,1435997322776,1233.0
17723,1435997322794,1294.0
17724,1435997322815,1294.0
17725,1435997322873,2035.0
17726,1435997322874,2035.0
17727,1435997322875,2217.0
17728,1435997322894,2217.0
17729,1435997322912,3088.0
17730,1435997322935,3088.0
17731,1435997322952,8372.0
17732,1435997322975,7862.0
17733,1435997322994,7862.0
17734,1435997323012,7805.0
17735,1435997323032,7805.0
17736,1435997323054,7174.0
17737,1435997323073,7174.0
17738,1435997323091,6508.0
17739,1435997323114,6508.0
17740,1435997323134,5399.0
17741,1435997323154,5399.0
17742,1435997323174,5607.0
17743,1435997323194,6417.0
17744,1435997323215,6417.0
17745,1435997323232,7921.0
17746,1435997323251,7921.0
17747,1435997323274,7932.0
17748,1435997323314,7932.0
17749,1435997323315,8098.0
17750,1435997323353,8098.0
17751,1435997323354,7989.0
17752,1435997323373,8058.0
17753,1435997323391,8280.0
17754,1435997323411,6875.0
17755,1435997323432,6875.0
17756,1435997323452,6824.0
17757,1435997323498,6824.0
17758,1435997323499,6415.0
17759,1435997323511,6415.0
17760,1435997323534,6253.0
17761,1435997323551,6253.0
17762,1435997323600,5991.0
17763,1435997323601,6630.0
17764,1435997323614,6630.0
17765,1435997323632,6872.0
17766,1435997323653,6872.0
17767,1435997323674,6729.0
17768,1435997323692,6729.0
17769,1435997323711,6156.0
17770,1435997323731,6156.0
17771,1435997323752,5743.0
17772,1435997323771,5743.0
17773,1435997323791,5790.0
17774,1435997323815,6122.0
17775,1435997323834,6122.0
17776,1435997323852,6332.0
17777,1435997323873,6332.0
17778,1435997323892,6537.0
17779,1435997323912,6537.0
17780,1435997323934,6688.0
17781,1435997323954,6688.0
17782,1435997323972,6483.0
17783,1435997323994,6483.0
17784,1435997324015,6895.0
17785,1435997324035,6538.0
17786,1435997324052,6538.0
17787,1435997324072,5261.0
17788,1435997324091,5261.0
17789,1435997324111,5443.0
17790,1435997324131,5443.0
17791,1435997324154,4196.0
17792,1435997324171,4196.0
17793,1435997324192,4251.0
17794,1435997324213,4868.0
17795,1435997324232,3914.0
17796,1435997324267,3492.0
17797,1435997324282,3492.0
17798,1435997324294,3931.0
17799,1435997324311,3931.0
17800,1435997324331,4682.0
17801,1435997324353,4682.0
17802,1435997324373,5602.0
17803,1435997324395,5602.0
17804,1435997324413,6505.0
17805,1435997324434,7287.0
17806,1435997324452,7287.0
17807,1435997324475,7056.0
17808,1435997324495,7056.0
17809,1435997324515,7695.0
17810,1435997324533,7695.0
17811,1435997324555,7865.0
17812,1435997324575,7865.0
17813,1435997324594,7603.0
17814,1435997324612,7603.0
17815,1435997324633,6304.0
17816,1435997324656,5390.0
17817,1435997324675,5390.0
17818,1435997324696,4205.0
17819,1435997324713,4205.0
17820,1435997324732,4063.0
17821,1435997324754,4063.0
17822,1435997324774,4616.0
17823,1435997324799,4616.0
17824,1435997324819,4798.0
17825,1435997324837,4798.0
17826,1435997324855,4926.0
17827,1435997324883,4783.0
17828,1435997324967,4783.0
17829,1435997324968,4457.0
17830,1435997324969,4457.0
17831,1435997324983,4318.0
17832,1435997324984,4318.0
17833,1435997324993,4294.0
17834,1435997325014,4294.0
17835,1435997325035,4469.0
17836,1435997325053,4469.0
17837,1435997325079,4164.0
17838,1435997325094,4256.0
17839,1435997325114,4256.0
17840,1435997325134,3475.0
17841,1435997325156,3475.0
17842,1435997325174,3299.0
17843,1435997325196,3299.0
17844,1435997325214,3331.0
17845,1435997325235,3331.0
17846,1435997325255,3410.0
17847,1435997325274,3335.0
17848,1435997325293,3335.0
17849,1435997325313,3257.0
17850,1435997325335,3257.0
17851,1435997325357,3234.0
17852,1435997325375,3234.0
17853,1435997325398,3261.0
17854,1435997325417,3261.0
17855,1435997325435,3397.0
17856,1435997325454,3397.0
17857,1435997325474,3909.0
17858,1435997325496,4650.0
17859,1435997325517,4650.0
17860,1435997325539,5039.0
17861,1435997325555,5039.0
17862,1435997325582,5452.0
17863,1435997325598,5452.0
17864,1435997325616,6087.0
17865,1435997325644,6087.0
17866,1435997325703,7791.0
17867,1435997325704,7791.0
17868,1435997325705,6010.0
17869,1435997325720,5154.0
17870,1435997325736,5154.0
17871,1435997325764,5066.0
17872,1435997325774,5066.0
17873,1435997325797,5170.0
17874,1435997325816,5170.0
17875,1435997325835,4495.0
17876,1435997325854,4495.0
17877,1435997325875,4405.0
17878,1435997325896,4405.0
17879,1435997325917,4522.0
17880,1435997325937,4838.0
17881,1435997325958,4838.0
17882,1435997325976,4980.0
17883,1435997325997,4980.0
17884,1435997326015,4847.0
17885,1435997326034,4847.0
17886,1435997326054,5066.0
17887,1435997326074,5066.0
17888,1435997326100,5645.0
17889,1435997326116,4326.0
17890,1435997326137,6744.0
17891,1435997326157,8806.0
17892,1435997326176,8806.0
17893,1435997326197,8908.0
17894,1435997326215,8908.0
17895,1435997326237,10574.0
17896,1435997326257,10574.0
17897,1435997326277,9184.0
17898,1435997326297,9184.0
17899,1435997326315,8298.0
17900,1435997326334,7936.0
17901,1435997326365,7936.0
17902,1435997326460,6820.0
17903,1435997326461,6820.0
17904,1435997326462,6607.0
17905,1435997326463,6607.0
17906,1435997326464,6667.0
17907,1435997326478,6667.0
17908,1435997326499,6890.0
17909,1435997326514,6890.0
17910,1435997326534,7343.0
17911,1435997326595,7686.0
17912,1435997326597,7686.0
17913,1435997326598,7989.0
17914,1435997326627,7989.0
17915,1435997326635,8597.0
17916,1435997326655,8597.0
17917,1435997326676,8500.0
17918,1435997326694,8500.0
17919,1435997326714,10211.0
17920,1435997326734,10211.0
17921,1435997326754,4282.0
17922,1435997326792,2122.0
17923,1435997326794,2122.0
17924,1435997326814,2593.0
17925,1435997326834,2593.0
17926,1435997326854,3049.0
17927,1435997326883,3049.0
17928,1435997326893,2868.0
17929,1435997326914,2868.0
17930,1435997326937,2023.0
17931,1435997326954,9422.0
17932,1435997326974,1092.0
17933,1435997326994,844.0
17934,1435997327014,844.0
17935,1435997327034,1045.0
17936,1435997327053,1045.0
17937,1435997327074,1951.0
17938,1435997327094,1951.0
17939,1435997327114,2283.0
17940,1435997327134,2283.0
17941,1435997327154,1436.0
17942,1435997327174,1115.0
17943,1435997327194,1115.0
17944,1435997327214,1267.0
17945,1435997327234,1267.0
17946,1435997327254,795.0
17947,1435997327275,795.0
17948,1435997327294,586.0
17949,1435997327314,586.0
17950,1435997327334,570.0
17951,1435997327354,570.0
17952,1435997327378,623.0
17953,1435997327395,778.0
17954,1435997327415,778.0
17955,1435997327436,934.0
17956,1435997327457,934.0
17957,1435997327477,818.0
17958,1435997327496,818.0
17959,1435997327514,731.0
17960,1435997327534,731.0
17961,1435997327555,983.0
17962,1435997327577,983.0
17963,1435997327598,1483.0
17964,1435997327617,1097.0
17965,1435997327635,1097.0
17966,1435997327656,554.0
17967,1435997327678,554.0
17968,1435997327745,532.0
17969,1435997327746,532.0
17970,1435997327747,521.0
17971,1435997327755,521.0
17972,1435997327776,501.0
17973,1435997327797,501.0
17974,1435997327816,500.0
17975,1435997327836,492.0
17976,1435997327857,492.0
17977,1435997327877,478.0
17978,1435997327899,478.0
17979,1435997327917,482.0
17980,1435997327937,482.0
17981,1435997327958,488.0
17982,1435997327976,488.0
17983,1435997327998,487.0
17984,1435997328019,478.0
17985,1435997328038,478.0
17986,1435997328057,466.0
17987,1435997328077,466.0
17988,1435997328096,449.0
17989,1435997328116,449.0
17990,1435997328137,437.0
17991,1435997328158,437.0
17992,1435997328178,443.0
17993,1435997328198,443.0
17994,1435997328218,439.0
17995,1435997328236,457.0
17996,1435997328258,457.0
17997,1435997328277,465.0
17998,1435997328298,465.0
17999,1435997328318,467.0
18000,1435997328338,467.0
18001,1435997328358,458.0
18002,1435997328377,458.0
18003,1435997328397,442.0
18004,1435997328470,442.0
18005,1435997328471,420.0
18006,1435997328486,409.0
18007,1435997328487,409.0
18008,1435997328496,396.0
18009,1435997328517,396.0
18010,1435997328538,398.0
18011,1435997328556,398.0
18012,1435997328577,361.0
18013,1435997328598,361.0
18014,1435997328617,347.0
18015,1435997328637,347.0
18016,1435997328658,349.0
18017,1435997328677,355.0
18018,1435997328697,355.0
18019,1435997328720,359.0
18020,1435997328739,359.0
18021,1435997328758,372.0
18022,1435997328778,372.0
18023,1435997328797,374.0
18024,1435997328816,374.0
18025,1435997328837,370.0
18026,1435997328857,391.0
18027,1435997328880,391.0
18028,1435997328898,373.0
18029,1435997328918,373.0
18030,1435997328938,350.0
18031,1435997328957,350.0
18032,1435997328977,368.0
18033,1435997329006,368.0
18034,1435997329019,383.0
18035,1435997329042,383.0
18036,1435997329064,387.0
18037,1435997329077,387.0
18038,1435997329097,387.0
18039,1435997329123,392.0
18040,1435997329211,392.0
18041,1435997329214,383.0
18042,1435997329233,383.0
18043,1435997329234,375.0
18044,1435997329245,375.0
18045,1435997329246,382.0
18046,1435997329258,382.0
18047,1435997329278,390.0
18048,1435997329297,391.0
18049,1435997329317,391.0
18050,1435997329340,386.0
18051,1435997329357,386.0
18052,1435997329377,370.0
18053,1435997329398,370.0
18054,1435997329419,360.0
18055,1435997329438,360.0
18056,1435997329457,348.0
18057,1435997329477,348.0
18058,1435997329498,339.0
18059,1435997329519,327.0
18060,1435997329538,327.0
18061,1435997329558,316.0
18062,1435997329577,316.0
18063,1435997329603,312.0
18064,1435997329619,312.0
18065,1435997329638,313.0
18066,1435997329658,313.0
18067,1435997329679,320.0
18068,1435997329697,320.0
18069,1435997329718,333.0
18070,1435997329737,339.0
18071,1435997329758,339.0
18072,1435997329778,340.0
18073,1435997329798,340.0
18074,1435997329818,336.0
18075,1435997329839,336.0
18076,1435997329858,339.0
18077,1435997329884,339.0
18078,1435997329967,335.0
18079,1435997329968,319.0
18080,1435997329969,319.0
18081,1435997329970,317.0
18082,1435997329979,317.0
18083,1435997330003,318.0
18084,1435997330017,318.0
18085,1435997330038,316.0
18086,1435997330060,316.0
18087,1435997330078,313.0
18088,1435997330099,313.0
18089,1435997330118,309.0
18090,1435997330139,303.0
18091,1435997330159,303.0
18092,1435997330178,293.0
18093,1435997330198,293.0
18094,1435997330218,285.0
18095,1435997330240,285.0
18096,1435997330260,279.0
18097,1435997330278,279.0
18098,1435997330300,273.0
18099,1435997330319,273.0
18100,1435997330341,272.0
18101,1435997330359,277.0
18102,1435997330378,277.0
18103,1435997330398,279.0
18104,1435997330418,279.0
18105,1435997330440,276.0
18106,1435997330459,276.0
18107,1435997330478,266.0
18108,1435997330498,266.0
18109,1435997330519,258.0
18110,1435997330538,258.0
18111,1435997330559,259.0
18112,1435997330580,255.0
18113,1435997330600,255.0
18114,1435997330627,245.0
18115,1435997330695,245.0
18116,1435997330696,236.0
18117,1435997330697,236.0
18118,1435997330702,229.0
18119,1435997330720,229.0
18120,1435997330743,229.0
18121,1435997330758,233.0
18122,1435997330778,233.0
18123,1435997330800,238.0
18124,1435997330819,238.0
18125,1435997330842,240.0
18126,1435997330860,240.0
18127,1435997330879,241.0
18128,1435997330899,241.0
18129,1435997330919,244.0
18130,1435997330939,244.0
18131,1435997330962,251.0
18132,1435997330980,248.0
18133,1435997331002,248.0
18134,1435997331021,229.0
18135,1435997331042,229.0
18136,1435997331060,222.0
18137,1435997331081,222.0
18138,1435997331099,223.0
18139,1435997331119,223.0
18140,1435997331141,225.0
18141,1435997331162,225.0
18142,1435997331181,229.0
18143,1435997331198,226.0
18144,1435997331218,226.0
18145,1435997331241,223.0
18146,1435997331260,223.0
18147,1435997331279,222.0
18148,1435997331299,222.0
18149,1435997331321,219.0
18150,1435997331423,219.0
18151,1435997331424,219.0
18152,1435997331425,219.0
18153,1435997331426,221.0
18154,1435997331427,222.0
18155,1435997331442,222.0
18156,1435997331467,217.0
18157,1435997331479,217.0
18158,1435997331499,215.0
18159,1435997331523,215.0
18160,1435997331539,221.0
18161,1435997331564,221.0
18162,1435997331581,226.0
18163,1435997331600,226.0
18164,1435997331619,226.0
18165,1435997331640,222.0
18166,1435997331663,222.0
18167,1435997331682,222.0
18168,1435997331702,222.0
18169,1435997331723,223.0
18170,1435997331742,223.0
18171,1435997331762,231.0
18172,1435997331793,231.0
18173,1435997331799,245.0
18174,1435997331819,256.0
18175,1435997331841,256.0
18176,1435997331859,258.0
18177,1435997331879,258.0
18178,1435997331899,262.0
18179,1435997331921,262.0
18180,1435997331940,255.0
18181,1435997331960,255.0
18182,1435997331983,261.0
18183,1435997332002,261.0
18184,1435997332021,260.0
18185,1435997332039,255.0
18186,1435997332064,255.0
18187,1435997332133,259.0
18188,1435997332136,259.0
18189,1435997332137,270.0
18190,1435997332153,270.0
18191,1435997332161,284.0
18192,1435997332181,284.0
18193,1435997332204,298.0
18194,1435997332221,298.0
18195,1435997332241,309.0
18196,1435997332261,334.0
18197,1435997332280,334.0
18198,1435997332302,456.0
18199,1435997332321,456.0
18200,1435997332340,335.0
18201,1435997332363,335.0
18202,1435997332383,350.0
18203,1435997332402,350.0
18204,1435997332422,367.0
18205,1435997332440,367.0
18206,1435997332461,370.0
18207,1435997332482,365.0
18208,1435997332503,365.0
18209,1435997332526,370.0
18210,1435997332580,370.0
18211,1435997332581,375.0
18212,1435997332582,375.0
18213,1435997332613,372.0
18214,1435997332620,372.0
18215,1435997332640,374.0
18216,1435997332660,379.0
18217,1435997332680,379.0
18218,1435997332700,382.0
18219,1435997332721,382.0
18220,1435997332741,392.0
18221,1435997332760,392.0
18222,1435997332780,408.0
18223,1435997332854,408.0
18224,1435997332855,423.0
18225,1435997332856,423.0
18226,1435997332871,442.0
18227,1435997332880,454.0
18228,1435997332921,454.0
18229,1435997332922,459.0
18230,1435997332943,459.0
18231,1435997332961,468.0
18232,1435997332982,468.0
18233,1435997333001,473.0
18234,1435997333021,473.0
18235,1435997333042,471.0
18236,1435997333060,471.0
18237,1435997333082,479.0
18238,1435997333103,486.0
18239,1435997333124,486.0
18240,1435997333143,496.0
18241,1435997333163,496.0
18242,1435997333184,506.0
18243,1435997333203,506.0
18244,1435997333222,506.0
18245,1435997333241,506.0
18246,1435997333264,517.0
18247,1435997333281,517.0
18248,1435997333301,531.0
18249,1435997333321,544.0
18250,1435997333341,544.0
18251,1435997333361,547.0
18252,1435997333385,547.0
18253,1435997333404,555.0
18254,1435997333424,555.0
18255,1435997333443,569.0
18256,1435997333462,569.0
18257,1435997333513,576.0
18258,1435997333514,591.0
18259,1435997333523,591.0
18260,1435997333593,619.0
18261,1435997333594,619.0
18262,1435997333595,637.0
18263,1435997333615,637.0
18264,1435997333623,620.0
18265,1435997333642,620.0
18266,1435997333665,623.0
18267,1435997333683,623.0
18268,1435997333702,630.0
18269,1435997333728,642.0
18270,1435997333743,642.0
18271,1435997333764,654.0
18272,1435997333783,654.0
18273,1435997333805,647.0
18274,1435997333821,647.0
18275,1435997333843,651.0
18276,1435997333864,651.0
18277,1435997333884,660.0
18278,1435997333939,660.0
18279,1435997333952,678.0
18280,1435997333953,689.0
18281,1435997333961,689.0
18282,1435997333981,701.0
18283,1435997334001,701.0
18284,1435997334021,715.0
18285,1435997334041,715.0
18286,1435997334062,728.0
18287,1435997334083,728.0
18288,1435997334101,741.0
18289,1435997334124,741.0
18290,1435997334144,761.0
18291,1435997334163,774.0
18292,1435997334182,774.0
18293,1435997334202,778.0
18294,1435997334221,778.0
18295,1435997334241,785.0
18296,1435997334262,785.0
18297,1435997334285,790.0
18298,1435997334305,790.0
18299,1435997334324,795.0
18300,1435997334342,802.0
18301,1435997334362,802.0
18302,1435997334381,806.0
18303,1435997334403,806.0
18304,1435997334423,821.0
18305,1435997334442,821.0
18306,1435997334462,829.0
18307,1435997334481,829.0
18308,1435997334503,840.0
18309,1435997334525,840.0
18310,1435997334542,853.0
18311,1435997334564,861.0
18312,1435997334586,861.0
18313,1435997334604,869.0
18314,1435997334623,869.0
18315,1435997334642,879.0
18316,1435997334662,879.0
18317,1435997334685,891.0
18318,1435997334705,891.0
18319,1435997334725,901.0
18320,1435997334745,901.0
18321,1435997334765,893.0
18322,1435997334783,901.0
18323,1435997334803,901.0
18324,1435997334824,910.0
18325,1435997334844,910.0
18326,1435997334862,918.0
18327,1435997334884,918.0
18328,1435997334903,909.0
18329,1435997334931,909.0
18330,1435997334966,908.0
18331,1435997334967,908.0
18332,1435997334984,930.0
18333,1435997335006,1003.0
18334,1435997335022,1003.0
18335,1435997335046,942.0
18336,1435997335062,942.0
18337,1435997335087,929.0
18338,1435997335103,929.0
18339,1435997335124,937.0
18340,1435997335144,937.0
18341,1435997335163,942.0
18342,1435997335182,942.0
18343,1435997335205,954.0
18344,1435997335224,964.0
18345,1435997335245,964.0
18346,1435997335267,963.0
18347,1435997335286,963.0
18348,1435997335304,981.0
18349,1435997335323,981.0
18350,1435997335343,992.0
18351,1435997335364,992.0
18352,1435997335383,984.0
18353,1435997335406,976.0
18354,1435997335426,976.0
18355,1435997335446,970.0
18356,1435997335465,970.0
18357,1435997335486,975.0
18358,1435997335506,975.0
18359,1435997335531,967.0
18360,1435997335543,967.0
18361,1435997335567,973.0
18362,1435997335592,973.0
18363,1435997335637,982.0
18364,1435997335638,1721.0
18365,1435997335685,1721.0
18366,1435997335686,2620.0
18367,1435997335687,2620.0
18368,1435997335703,2859.0
18369,1435997335727,2859.0
18370,1435997335743,2909.0
18371,1435997337138,2909.0
18372,1435997337139,2920.0
18373,1435997337140,2920.0
18374,1435997337141,2801.0
18375,1435997337142,2764.0
18376,1435997337143,2764.0
18377,1435997337144,2777.0
18378,1435997337145,2777.0
18379,1435997337146,2758.0
18380,1435997337147,2758.0
18381,1435997337148,2598.0
18382,1435997337149,2598.0
18383,1435997337150,2689.0
18384,1435997337151,2689.0
18385,1435997337152,2583.0
18386,1435997337153,2662.0
18387,1435997337154,2662.0
18388,1435997337155,2569.0
18389,1435997337156,2569.0
18390,1435997337157,2226.0
18391,1435997337158,2226.0
18392,1435997337159,2092.0
18393,1435997337160,2092.0
18394,1435997337161,2134.0
18395,1435997337162,2193.0
18396,1435997337163,2193.0
18397,1435997337164,2271.0
18398,1435997337165,2271.0
18399,1435997337166,2272.0
18400,1435997337167,2272.0
18401,1435997337168,2272.0
18402,1435997337169,2272.0
18403,1435997337170,2225.0
18404,1435997337171,2225.0
18405,1435997337172,2100.0
18406,1435997337173,2134.0
18407,1435997337174,2134.0
18408,1435997337175,1881.0
18409,1435997337176,1881.0
18410,1435997337177,1689.0
18411,1435997337178,1689.0
18412,1435997337179,1746.0
18413,1435997337180,1746.0
18414,1435997337181,1700.0
18415,1435997337182,1700.0
18416,1435997337183,1699.0
18417,1435997337184,1653.0
18418,1435997337185,1653.0
18419,1435997337186,1739.0
18420,1435997337187,1739.0
18421,1435997337188,1805.0
18422,1435997337189,1805.0
18423,1435997337190,1775.0
18424,1435997337191,1775.0
18425,1435997337192,1857.0
18426,1435997337193,1857.0
18427,1435997337194,1970.0
18428,1435997337195,1975.0
18429,1435997337196,1975.0
18430,1435997337197,1943.0
18431,1435997337198,1943.0
18432,1435997337199,1971.0
18433,1435997337200,1971.0
18434,1435997337201,1950.0
18435,1435997337202,1950.0
18436,1435997337203,1966.0
18437,1435997337204,1898.0
18438,1435997337205,1898.0
18439,1435997337206,1783.0
18440,1435997337207,1783.0
18441,1435997337208,1762.0
18442,1435997337209,1762.0
18443,1435997337210,1641.0
18444,1435997337223,1641.0
18445,1435997337243,1379.0
18446,1435997337263,1379.0
18447,1435997337283,1265.0
18448,1435997337303,1248.0
18449,1435997337323,1248.0
18450,1435997337343,1304.0
18451,1435997337363,1304.0
18452,1435997337386,1369.0
18453,1435997337404,1369.0
18454,1435997337424,1301.0
18455,1435997337444,1301.0
18456,1435997337466,1383.0
18457,1435997337484,1383.0
18458,1435997337504,1408.0
18459,1435997337524,1355.0
18460,1435997337544,1355.0
18461,1435997337564,1337.0
18462,1435997337587,1337.0
18463,1435997337604,1227.0
18464,1435997337624,1227.0
18465,1435997337644,1170.0
18466,1435997337664,1170.0
18467,1435997337719,1174.0
18468,1435997337720,1174.0
18469,1435997337728,1259.0
18470,1435997337991,1248.0
18471,1435997337992,1248.0
18472,1435997337993,1266.0
18473,1435997337994,1266.0
18474,1435997337995,1360.0
18475,1435997337996,1360.0
18476,1435997337997,1441.0
18477,1435997337998,1441.0
18478,1435997337999,1496.0
18479,1435997338000,1496.0
18480,1435997338001,1656.0
18481,1435997338002,1754.0
18482,1435997338003,1754.0
18483,1435997338030,1827.0
18484,1435997338031,1827.0
18485,1435997338046,1873.0
18486,1435997338065,1873.0
18487,1435997338085,1919.0
18488,1435997338107,1919.0
18489,1435997338129,1963.0
18490,1435997338150,1992.0
18491,1435997338175,1992.0
18492,1435997338188,1946.0
18493,1435997338206,1946.0
18494,1435997338227,2008.0
18495,1435997338246,2008.0
18496,1435997338265,1820.0
18497,1435997338286,1820.0
18498,1435997338306,1677.0
18499,1435997338327,1677.0
18500,1435997338347,1643.0
18501,1435997338367,1651.0
18502,1435997338386,1651.0
18503,1435997338406,1638.0
18504,1435997338434,1638.0
18505,1435997338457,1668.0
18506,1435997338474,1668.0
18507,1435997338494,1632.0
18508,1435997338506,1632.0
18509,1435997338526,1530.0
18510,1435997338546,1530.0
18511,1435997338566,1545.0
18512,1435997338587,1512.0
18513,1435997338607,1512.0
18514,1435997338627,1486.0
18515,1435997338647,1486.0
18516,1435997338666,1380.0
18517,1435997338685,1380.0
18518,1435997338707,1304.0
18519,1435997338728,1304.0
18520,1435997338748,1367.0
18521,1435997338768,1367.0
18522,1435997338789,1405.0
18523,1435997338813,1342.0
18524,1435997338828,1342.0
18525,1435997338848,1339.0
18526,1435997338866,1339.0
18527,1435997338888,1387.0
18528,1435997338906,1387.0
18529,1435997338927,1394.0
18530,1435997338949,1394.0
18531,1435997338969,1371.0
18532,1435997338988,1391.0
18533,1435997339008,1391.0
18534,1435997339029,1565.0
18535,1435997339047,1565.0
18536,1435997339077,1569.0
18537,1435997339141,1569.0
18538,1435997339142,1585.0
18539,1435997339143,1585.0
18540,1435997339150,1612.0
18541,1435997339168,1612.0
18542,1435997339191,1655.0
18543,1435997339208,1670.0
18544,1435997339226,1670.0
18545,1435997339248,1715.0
18546,1435997339268,1715.0
18547,1435997339289,1695.0
18548,1435997339309,1695.0
18549,1435997339329,1763.0
18550,1435997339348,1763.0
18551,1435997339368,1717.0
18552,1435997339389,1717.0
18553,1435997339408,1637.0
18554,1435997339427,1573.0
18555,1435997339447,1573.0
18556,1435997339468,1537.0
18557,1435997339488,1537.0
18558,1435997339508,1467.0
18559,1435997339529,1467.0
18560,1435997339548,1461.0
18561,1435997339568,1461.0
18562,1435997339593,1567.0
18563,1435997339610,1567.0
18564,1435997339628,1446.0
18565,1435997339648,1319.0
18566,1435997339667,1319.0
18567,1435997339687,1271.0
18568,1435997339709,1271.0
18569,1435997339727,1229.0
18570,1435997339748,1229.0
18571,1435997339770,1141.0
18572,1435997339790,1141.0
18573,1435997339862,1031.0
18574,1435997339863,992.0
18575,1435997339864,992.0
18576,1435997339889,1038.0
18577,1435997339890,1038.0
18578,1435997339908,1039.0
18579,1435997339932,1039.0
18580,1435997339947,1021.0
18581,1435997339967,1021.0
18582,1435997339988,1065.0
18583,1435997340016,1065.0
18584,1435997340027,1111.0
18585,1435997340050,1128.0
18586,1435997340081,1128.0
18587,1435997340114,1128.0
18588,1435997340115,1128.0
18589,1435997340127,1141.0
18590,1435997340149,1141.0
18591,1435997340168,1186.0
18592,1435997340189,1186.0
18593,1435997340208,1225.0
18594,1435997340227,1225.0
18595,1435997340250,1274.0
18596,1435997340269,1392.0
18597,1435997340288,1392.0
18598,1435997340308,1374.0
18599,1435997340338,1374.0
18600,1435997340348,1336.0
18601,1435997340369,1336.0
18602,1435997340388,1314.0
18603,1435997340408,1314.0
18604,1435997340427,1338.0
18605,1435997340448,1338.0
18606,1435997340468,1475.0
18607,1435997340488,1619.0
18608,1435997340510,1619.0
18609,1435997340529,1673.0
18610,1435997340550,1673.0
18611,1435997340571,1677.0
18612,1435997340590,1677.0
18613,1435997340688,1500.0
18614,1435997340689,1500.0
18615,1435997340690,1408.0
18616,1435997340691,1408.0
18617,1435997340692,1448.0
18618,1435997340711,1425.0
18619,1435997340734,1425.0
18620,1435997340749,1395.0
18621,1435997340769,1395.0
18622,1435997340789,1299.0
18623,1435997340809,1299.0
18624,1435997340830,1451.0
18625,1435997340849,1451.0
18626,1435997340868,1505.0
18627,1435997340893,1389.0
18628,1435997340910,1389.0
18629,1435997340929,1266.0
18630,1435997340948,1266.0
18631,1435997340970,1335.0
18632,1435997340990,1335.0
18633,1435997341010,1429.0
18634,1435997341030,1429.0
18635,1435997341050,1454.0
18636,1435997341073,1454.0
18637,1435997341090,1517.0
18638,1435997341108,1602.0
18639,1435997341129,1602.0
18640,1435997341149,1613.0
18641,1435997341171,1613.0
18642,1435997341191,1670.0
18643,1435997341211,1670.0
18644,1435997341231,1657.0
18645,1435997341250,1657.0
18646,1435997341271,1591.0
18647,1435997341290,1591.0
18648,1435997341309,1605.0
18649,1435997341338,1669.0
18650,1435997341394,1669.0
18651,1435997341395,1850.0
18652,1435997341396,1850.0
18653,1435997341414,1882.0
18654,1435997341429,1882.0
18655,1435997341449,1864.0
18656,1435997341469,1864.0
18657,1435997341490,2015.0
18658,1435997341511,2015.0
18659,1435997341529,2059.0
18660,1435997341549,1938.0
18661,1435997341577,1938.0
18662,1435997341590,1781.0
18663,1435997341609,1781.0
18664,1435997341629,1769.0
18665,1435997341651,1769.0
18666,1435997341671,1839.0
18667,1435997341690,1839.0
18668,1435997341710,1843.0
18669,1435997341731,1854.0
18670,1435997341751,1854.0
18671,1435997341771,1815.0
18672,1435997341791,1815.0
18673,1435997341814,1774.0
18674,1435997341829,1774.0
18675,1435997341851,1772.0
18676,1435997341869,1772.0
18677,1435997341891,1746.0
18678,1435997341910,1746.0
18679,1435997341929,1749.0
18680,1435997341949,1691.0
18681,1435997341969,1691.0
18682,1435997341989,1703.0
18683,1435997342010,1703.0
18684,1435997342031,1779.0
18685,1435997342050,1779.0
18686,1435997342074,1851.0
18687,1435997342134,1851.0
18688,1435997342135,1819.0
18689,1435997342136,1819.0
18690,1435997342150,1830.0
18691,1435997342169,1855.0
18692,1435997342189,1855.0
18693,1435997342213,1913.0
18694,1435997342229,1913.0
18695,1435997342251,1921.0
18696,1435997342270,1921.0
18697,1435997342291,1946.0
18698,1435997342310,1946.0
18699,1435997342329,2024.0
18700,1435997342349,2024.0
18701,1435997342375,2043.0
18702,1435997342394,1987.0
18703,1435997342412,1987.0
18704,1435997342431,1984.0
18705,1435997342450,1984.0
18706,1435997342470,2087.0
18707,1435997342493,2087.0
18708,1435997342512,2269.0
18709,1435997342534,2269.0
18710,1435997342552,2147.0
18711,1435997342575,2221.0
18712,1435997342592,2221.0
18713,1435997342610,2405.0
18714,1435997342629,2405.0
18715,1435997342654,2391.0
18716,1435997342675,2391.0
18717,1435997342695,2304.0
18718,1435997342712,2304.0
18719,1435997342730,2276.0
18720,1435997342750,2276.0
18721,1435997342773,2352.0
18722,1435997342792,2399.0
18723,1435997342860,2399.0
18724,1435997342861,2431.0
18725,1435997342863,2431.0
18726,1435997342881,2552.0
18727,1435997342890,2552.0
18728,1435997342910,2516.0
18729,1435997342931,2516.0
18730,1435997342950,2571.0
18731,1435997342970,2571.0
18732,1435997342993,2574.0
18733,1435997343011,2630.0
18734,1435997343033,2630.0
18735,1435997343052,2572.0
18736,1435997343070,2572.0
18737,1435997343090,2489.0
18738,1435997343112,2489.0
18739,1435997343134,2671.0
18740,1435997343153,2671.0
18741,1435997343174,2854.0
18742,1435997343193,2854.0
18743,1435997343214,2919.0
18744,1435997343233,3114.0
18745,1435997343252,3114.0
18746,1435997343277,3103.0
18747,1435997343290,3103.0
18748,1435997343311,2359.0
18749,1435997343331,2359.0
18750,1435997343353,1284.0
18751,1435997343371,1284.0
18752,1435997343392,4556.0
18753,1435997343412,4556.0
18754,1435997343434,5355.0
18755,1435997343454,5782.0
18756,1435997343473,5782.0
18757,1435997343520,6431.0
18758,1435997343521,6431.0
18759,1435997343537,6164.0
18760,1435997343595,6164.0
18761,1435997343596,6360.0
18762,1435997343597,6360.0
18763,1435997343617,7133.0
18764,1435997343631,6926.0
18765,1435997343660,8123.0
18766,1435997343675,8323.0
18767,1435997343691,8323.0
18768,1435997343713,9093.0
18769,1435997343731,9093.0
18770,1435997343752,9960.0
18771,1435997343772,9960.0
18772,1435997343793,12398.0
18773,1435997343811,12398.0
18774,1435997343831,11736.0
18775,1435997343853,9833.0
18776,1435997343874,9833.0
18777,1435997343937,10219.0
18778,1435997343938,10219.0
18779,1435997343939,9753.0
18780,1435997343951,9753.0
18781,1435997343971,11814.0
18782,1435997343991,11814.0
18783,1435997344011,9231.0
18784,1435997344034,9231.0
18785,1435997344053,9150.0
18786,1435997344071,9668.0
18787,1435997344091,9668.0
18788,1435997344111,10820.0
18789,1435997344131,10820.0
18790,1435997344151,12363.0
18791,1435997344171,12363.0
18792,1435997344191,12850.0
18793,1435997344210,12850.0
18794,1435997344230,10499.0
18795,1435997344250,10499.0
18796,1435997344281,13829.0
18797,1435997344293,11117.0
18798,1435997344311,11117.0
18799,1435997344330,10974.0
18800,1435997344350,10974.0
18801,1435997344371,11220.0
18802,1435997344391,11220.0
18803,1435997344410,11354.0
18804,1435997344430,11354.0
18805,1435997344450,11177.0
18806,1435997344470,10683.0
18807,1435997344490,11998.0
18808,1435997344510,11257.0
18809,1435997344530,11257.0
18810,1435997344550,12048.0
18811,1435997344570,12048.0
18812,1435997344593,12290.0
18813,1435997344614,12290.0
18814,1435997344633,11979.0
18815,1435997344654,11979.0
18816,1435997344674,12312.0
18817,1435997344695,13010.0
18818,1435997344715,13010.0
18819,1435997344735,13613.0
18820,1435997344754,13613.0
18821,1435997344774,13677.0
18822,1435997344794,13677.0
18823,1435997344813,14102.0
18824,1435997344832,14102.0
18825,1435997344853,14560.0
18826,1435997344873,14560.0
18827,1435997344895,14229.0
18828,1435997344915,0.0
18829,1435997344948,13117.0
18830,1435997344953,13117.0
18831,1435997344973,13095.0
18832,1435997344992,13095.0
18833,1435997345016,12738.0
18834,1435997345032,12738.0
18835,1435997345052,14137.0
18836,1435997345073,14137.0
18837,1435997345092,12771.0
18838,1435997345115,11737.0
18839,1435997345136,14072.0
18840,1435997345156,14266.0
18841,1435997345175,14266.0
18842,1435997345196,13351.0
18843,1435997345212,13351.0
18844,1435997345234,13519.0
18845,1435997345254,13519.0
18846,1435997345276,14027.0
18847,1435997345296,14027.0
18848,1435997345313,15108.0
18849,1435997345336,14604.0
18850,1435997345355,14604.0
18851,1435997345373,13168.0
18852,1435997345393,13168.0
18853,1435997345414,14477.0
18854,1435997345436,14477.0
18855,1435997345455,14741.0
18856,1435997345476,14741.0
18857,1435997345493,17196.0
18858,1435997345515,17196.0
18859,1435997345534,15490.0
18860,1435997345553,13730.0
18861,1435997345574,13730.0
18862,1435997345664,0.0
18863,1435997345665,13495.0
18864,1435997345666,13495.0
18865,1435997345667,17293.0
18866,1435997345678,17293.0
18867,1435997345695,16255.0
18868,1435997345728,16255.0
18869,1435997345736,15878.0
18870,1435997345756,15878.0
18871,1435997345776,13462.0
18872,1435997345793,0.0
18873,1435997345813,14341.0
18874,1435997345834,14341.0
18875,1435997345855,14276.0
18876,1435997345874,14276.0
18877,1435997345896,14490.0
18878,1435997345917,14490.0
18879,1435997345935,16079.0
18880,1435997345954,16079.0
18881,1435997345974,16516.0
18882,1435997345993,0.0
18883,1435997346015,15640.0
18884,1435997346035,15640.0
18885,1435997346056,14541.0
18886,1435997346076,14541.0
18887,1435997346094,14337.0
18888,1435997346117,14337.0
18889,1435997346134,14770.0
18890,1435997346154,14770.0
18891,1435997346174,15267.0
18892,1435997346195,0.0
18893,1435997346217,14886.0
18894,1435997346236,14886.0
18895,1435997346258,13674.0
18896,1435997346277,13674.0
18897,1435997346297,14858.0
18898,1435997346315,14858.0
18899,1435997346335,18278.0
18900,1435997346353,18278.0
18901,1435997346419,15274.0
18902,1435997346420,0.0
18903,1435997346421,15508.0
18904,1435997346440,15508.0
18905,1435997346454,15594.0
18906,1435997346475,15594.0
18907,1435997346494,15834.0
18908,1435997346515,15834.0
18909,1435997346537,16061.0
18910,1435997346557,16061.0
18911,1435997346583,16841.0
18912,1435997346595,0.0
18913,1435997346629,16562.0
18914,1435997346634,16562.0
18915,1435997346658,17216.0
18916,1435997346676,17216.0
18917,1435997346696,15643.0
18918,1435997346715,15643.0
18919,1435997346734,16026.0
18920,1435997346753,16026.0
18921,1435997346776,15908.0
18922,1435997346796,17254.0
18923,1435997346817,14845.0
18924,1435997346839,15821.0
18925,1435997346853,15821.0
18926,1435997346877,15899.0
18927,1435997346900,15899.0
18928,1435997346918,15123.0
18929,1435997346938,15123.0
18930,1435997346957,15569.0
18931,1435997346977,15569.0
18932,1435997346996,15636.0
18933,1435997347015,15747.0
18934,1435997347037,15747.0
18935,1435997347059,15949.0
18936,1435997347079,15949.0
18937,1435997347097,16822.0
18938,1435997347116,16822.0
18939,1435997347174,16165.0
18940,1435997347175,16165.0
18941,1435997347176,19761.0
18942,1435997347195,19761.0
18943,1435997347217,17804.0
18944,1435997347240,17444.0
18945,1435997347254,17444.0
18946,1435997347277,15519.0
18947,1435997347296,15519.0
18948,1435997347315,15454.0
18949,1435997347335,15454.0
18950,1435997347355,15300.0
18951,1435997347376,15300.0
18952,1435997347398,15182.0
18953,1435997347419,15182.0
18954,1435997347438,15603.0
18955,1435997347458,15527.0
18956,1435997347476,15527.0
18957,1435997347496,15543.0
18958,1435997347515,15543.0
18959,1435997347535,14995.0
18960,1435997347557,14995.0
18961,1435997347598,14831.0
18962,1435997347599,14831.0
18963,1435997347616,15385.0
18964,1435997347636,15385.0
18965,1435997347700,15790.0
18966,1435997347701,15778.0
18967,1435997347702,15778.0
18968,1435997347715,15768.0
18969,1435997347735,15768.0
18970,1435997347755,16175.0
18971,1435997347775,16175.0
18972,1435997348124,16990.0
18973,1435997348125,16990.0
18974,1435997348126,16444.0
18975,1435997348127,15689.0
18976,1435997348128,16083.0
18977,1435997348135,15712.0
18978,1435997348136,15712.0
18979,1435997348137,15570.0
18980,1435997348138,15570.0
18981,1435997348139,15592.0
18982,1435997348140,15592.0
18983,1435997348141,15278.0
18984,1435997348142,15278.0
18985,1435997348143,15205.0
18986,1435997348144,15462.0
18987,1435997348145,15462.0
18988,1435997348146,15263.0
18989,1435997348147,15263.0
18990,1435997348178,15912.0
18991,1435997348179,15912.0
18992,1435997348196,16631.0
18993,1435997348216,16631.0
18994,1435997348234,15779.0
18995,1435997348255,15779.0
18996,1435997348274,16102.0
18997,1435997348296,17867.0
18998,1435997348317,17867.0
18999,1435997348337,17317.0
19000,1435997348354,17317.0
19001,1435997348375,17633.0
19002,1435997348395,17633.0
19003,1435997348416,16352.0
19004,1435997348436,16352.0
19005,1435997348457,16026.0
19006,1435997348475,16026.0
19007,1435997348495,16281.0
19008,1435997348516,16043.0
19009,1435997348536,16043.0
19010,1435997348555,16091.0
19011,1435997348578,16091.0
19012,1435997348595,15825.0
19013,1435997348616,15825.0
19014,1435997348638,15318.0
19015,1435997348659,15318.0
19016,1435997348674,15600.0
19017,1435997348696,15923.0
19018,1435997348715,15411.0
19019,1435997348737,15286.0
19020,1435997348755,15286.0
19021,1435997348778,16372.0
19022,1435997348797,16372.0
19023,1435997348816,15388.0
19024,1435997348837,15388.0
19025,1435997348857,15222.0
19026,1435997348877,15222.0
19027,1435997348897,15611.0
19028,1435997348918,15730.0
19029,1435997348938,15730.0
19030,1435997348957,16065.0
19031,1435997348977,16065.0
19032,1435997348996,16762.0
19033,1435997349016,16762.0
19034,1435997349044,15932.0
19035,1435997349083,15932.0
19036,1435997349084,17161.0
19037,1435997349109,17161.0
19038,1435997349129,15636.0
19039,1435997349136,17685.0
19040,1435997349156,17685.0
19041,1435997349177,16886.0
19042,1435997349199,16886.0
19043,1435997349218,16358.0
19044,1435997349237,16358.0
19045,1435997349327,15390.0
19046,1435997349328,15390.0
19047,1435997349329,15356.0
19048,1435997349330,15356.0
19049,1435997349361,15512.0
19050,1435997349362,15505.0
19051,1435997349441,15505.0
19052,1435997349442,15400.0
19053,1435997349443,15400.0
19054,1435997349444,15577.0
19055,1435997349518,15577.0
19056,1435997349519,15685.0
19057,1435997349520,15685.0
19058,1435997349521,15557.0
19059,1435997349558,15557.0
19060,1435997349559,16950.0
19061,1435997349576,17908.0
19062,1435997349597,17908.0
19063,1435997349617,16501.0
19064,1435997349637,16501.0
19065,1435997349656,15623.0
19066,1435997349677,15623.0
19067,1435997349696,15812.0
19068,1435997349716,15812.0
19069,1435997349735,15923.0
19070,1435997349756,16447.0
19071,1435997349776,15755.0
19072,1435997349795,15409.0
19073,1435997349815,15409.0
19074,1435997349838,16158.0
19075,1435997349858,16158.0
19076,1435997349878,15210.0
19077,1435997349896,15210.0
19078,1435997349916,14997.0
19079,1435997349937,14997.0
19080,1435997349957,16112.0
19081,1435997349978,16180.0
19082,1435997349999,16180.0
19083,1435997350018,15469.0
19084,1435997350036,15469.0
19085,1435997350068,15109.0
19086,1435997350076,15109.0
19087,1435997350096,15994.0
19088,1435997350116,15994.0
19089,1435997350136,17029.0
19090,1435997350158,17029.0
19091,1435997350177,16594.0
19092,1435997350196,16236.0
19093,1435997350218,16236.0
19094,1435997350239,15386.0
19095,1435997350257,15386.0
19096,1435997350278,14705.0
19097,1435997350297,14705.0
19098,1435997350318,14717.0
19099,1435997350338,14717.0
19100,1435997350358,15293.0
19101,1435997350377,15293.0
19102,1435997350398,14558.0
19103,1435997350418,14090.0
19104,1435997350438,14090.0
19105,1435997350458,14557.0
19106,1435997350477,14557.0
19107,1435997350497,14765.0
19108,1435997350518,14765.0
19109,1435997350538,15133.0
19110,1435997350557,15133.0
19111,1435997350577,16254.0
19112,1435997350599,16254.0
19113,1435997350619,15442.0
19114,1435997350639,15457.0
19115,1435997350659,15457.0
19116,1435997350679,15582.0
19117,1435997350730,15582.0
19118,1435997350731,16020.0
19119,1435997350750,16020.0
19120,1435997350758,17246.0
19121,1435997350778,17246.0
19122,1435997350798,16242.0
19123,1435997350817,16007.0
19124,1435997350838,15047.0
19125,1435997350859,15352.0
19126,1435997350879,15352.0
19127,1435997350901,14778.0
19128,1435997350920,14778.0
19129,1435997350940,15271.0
19130,1435997350959,15271.0
19131,1435997350978,15250.0
19132,1435997350998,15250.0
19133,1435997351018,15890.0
19134,1435997351040,15022.0
19135,1435997351060,15022.0
19136,1435997351078,16338.0
19137,1435997351099,16338.0
19138,1435997351119,15223.0
19139,1435997351141,15223.0
19140,1435997351160,15568.0
19141,1435997351178,15568.0
19142,1435997351199,14831.0
19143,1435997351218,14831.0
19144,1435997351239,14940.0
19145,1435997351261,15294.0
19146,1435997351281,15294.0
19147,1435997351302,15708.0
19148,1435997351319,15708.0
19149,1435997351342,16025.0
19150,1435997351361,16025.0
19151,1435997351380,15842.0
19152,1435997351399,15842.0
19153,1435997351467,14771.0
19154,1435997351468,14771.0
19155,1435997351469,14620.0
19156,1435997351489,14437.0
19157,1435997351498,14437.0
19158,1435997351521,14319.0
19159,1435997351538,14319.0
19160,1435997351558,14033.0
19161,1435997351585,14033.0
19162,1435997351599,13617.0
19163,1435997351621,13617.0
19164,1435997351639,13553.0
19165,1435997351660,13553.0
19166,1435997351679,13430.0
19167,1435997351698,13837.0
19168,1435997351721,13837.0
19169,1435997351742,14082.0
19170,1435997351762,14082.0
19171,1435997351779,13853.0
19172,1435997351801,13853.0
19173,1435997351821,14049.0
19174,1435997351841,14049.0
19175,1435997351859,14441.0
19176,1435997351878,13763.0
19177,1435997351901,13763.0
19178,1435997351923,14152.0
19179,1435997351943,14152.0
19180,1435997351963,14458.0
19181,1435997351982,14458.0
19182,1435997352003,14707.0
19183,1435997352021,14707.0
19184,1435997352040,14979.0
19185,1435997352059,14979.0
19186,1435997352082,15189.0
19187,1435997352102,15175.0
19188,1435997352124,15175.0
19189,1435997352142,17113.0
19190,1435997352164,17113.0
19191,1435997352220,15023.0
19192,1435997352221,15023.0
19193,1435997352222,16866.0
19194,1435997352243,16866.0
19195,1435997352260,16390.0
19196,1435997352284,16390.0
19197,1435997352300,15879.0
19198,1435997352323,14476.0
19199,1435997352341,14476.0
19200,1435997352359,13792.0
19201,1435997352379,13792.0
19202,1435997352400,13433.0
19203,1435997352426,13433.0
19204,1435997352442,13049.0
19205,1435997352463,13049.0
19206,1435997352482,12037.0
19207,1435997352501,12037.0
19208,1435997352519,11469.0
19209,1435997352540,11283.0
19210,1435997352561,11283.0
19211,1435997352582,11218.0
19212,1435997352602,11218.0
19213,1435997352621,9809.0
19214,1435997352642,9809.0
19215,1435997352662,11537.0
19216,1435997352680,11537.0
19217,1435997352699,12838.0
19218,1435997352720,18686.0
19219,1435997352740,8808.0
19220,1435997352760,7408.0
19221,1435997352782,7408.0
19222,1435997352803,6636.0
19223,1435997352819,6636.0
19224,1435997352839,5969.0
19225,1435997352860,5969.0
19226,1435997352884,5305.0
19227,1435997352954,5305.0
19228,1435997352955,4739.0
19229,1435997352956,3492.0
19230,1435997352982,3492.0
19231,1435997352983,2948.0
19232,1435997353001,2948.0
19233,1435997353025,2502.0
19234,1435997353040,2502.0
19235,1435997353060,2140.0
19236,1435997353082,2140.0
19237,1435997353101,1741.0
19238,1435997353121,1741.0
19239,1435997353143,1416.0
19240,1435997353173,1159.0
19241,1435997353180,1159.0
19242,1435997353200,982.0
19243,1435997353220,982.0
19244,1435997353240,894.0
19245,1435997353260,894.0
19246,1435997353284,898.0
19247,1435997353302,898.0
19248,1435997353321,909.0
19249,1435997353340,909.0
19250,1435997353361,917.0
19251,1435997353381,924.0
19252,1435997353403,924.0
19253,1435997353424,934.0
19254,1435997353443,934.0
19255,1435997353463,939.0
19256,1435997353480,939.0
19257,1435997353532,939.0
19258,1435997353533,939.0
19259,1435997353548,933.0
19260,1435997353564,933.0
19261,1435997353583,948.0
19262,1435997353602,949.0
19263,1435997353630,949.0
19264,1435997353688,947.0
19265,1435997353689,947.0
19266,1435997353690,949.0
19267,1435997353712,949.0
19268,1435997353721,951.0
19269,1435997353744,951.0
19270,1435997353761,951.0
19271,1435997353780,944.0
19272,1435997353802,944.0
19273,1435997353820,943.0
19274,1435997353841,943.0
19275,1435997353867,941.0
19276,1435997353882,941.0
19277,1435997353901,941.0
19278,1435997353922,941.0
19279,1435997353941,943.0
19280,1435997353964,943.0
19281,1435997353983,945.0
19282,1435997354003,940.0
19283,1435997354024,940.0
19284,1435997354043,945.0
19285,1435997354065,945.0
19286,1435997354083,940.0
19287,1435997354102,940.0
19288,1435997354123,936.0
19289,1435997354141,936.0
19290,1435997354161,934.0
19291,1435997354181,934.0
19292,1435997354201,932.0
19293,1435997354226,927.0
19294,1435997354245,927.0
19295,1435997354266,922.0
19296,1435997354281,922.0
19297,1435997354305,916.0
19298,1435997354324,916.0
19299,1435997354345,908.0
19300,1435997354496,908.0
19301,1435997354497,902.0
19302,1435997354498,902.0
19303,1435997354499,896.0
19304,1435997354500,892.0
19305,1435997354501,892.0
19306,1435997354505,886.0
19307,1435997354506,886.0
19308,1435997356099,881.0
19309,1435997356100,881.0
19310,1435997356101,877.0
19311,1435997356102,877.0
19312,1435997356103,873.0
19313,1435997356104,873.0
19314,1435997356105,869.0
19315,1435997356106,903.0
19316,1435997356107,903.0
19317,1435997356108,971.0
19318,1435997356109,971.0
19319,1435997356110,1009.0
19320,1435997356111,1009.0
19321,1435997356112,1021.0
19322,1435997356113,1021.0
19323,1435997356114,984.0
19324,1435997356115,908.0
19325,1435997356116,908.0
19326,1435997356117,879.0
19327,1435997356118,879.0
19328,1435997356119,904.0
19329,1435997356120,904.0
19330,1435997356121,879.0
19331,1435997356122,879.0
19332,1435997356123,871.0
19333,1435997356124,871.0
19334,1435997356125,882.0
19335,1435997356126,883.0
19336,1435997356127,883.0
19337,1435997356128,877.0
19338,1435997356129,877.0
19339,1435997356130,881.0
19340,1435997356131,881.0
19341,1435997356132,872.0
19342,1435997356133,872.0
19343,1435997356134,873.0
19344,1435997356135,873.0
19345,1435997356136,877.0
19346,1435997356137,880.0
19347,1435997356138,880.0
19348,1435997356139,878.0
19349,1435997356140,878.0
19350,1435997356141,888.0
19351,1435997356142,888.0
19352,1435997356143,921.0
19353,1435997356144,921.0
19354,1435997356145,978.0
19355,1435997356146,978.0
19356,1435997356147,1050.0
19357,1435997356148,1137.0
19358,1435997356149,1137.0
19359,1435997356150,1286.0
19360,1435997356151,1286.0
19361,1435997356152,1321.0
19362,1435997356153,1321.0
19363,1435997356154,1250.0
19364,1435997356155,1250.0
19365,1435997356156,1238.0
19366,1435997356157,1280.0
19367,1435997356158,1280.0
19368,1435997356159,1267.0
19369,1435997356160,1267.0
19370,1435997356161,1193.0
19371,1435997356162,1193.0
19372,1435997356163,1156.0
19373,1435997356164,1156.0
19374,1435997356165,1121.0
19375,1435997356166,1121.0
19376,1435997356167,1124.0
19377,1435997356168,1122.0
19378,1435997356169,1122.0
19379,1435997356170,1149.0
19380,1435997356171,1149.0
19381,1435997356172,1200.0
19382,1435997356173,1200.0
19383,1435997356174,1237.0
19384,1435997356175,1237.0
19385,1435997356176,1260.0
19386,1435997356177,1260.0
19387,1435997356178,1214.0
19388,1435997356179,1190.0
19389,1435997356180,1190.0
19390,1435997356181,1239.0
19391,1435997356182,1239.0
19392,1435997356201,1201.0
19393,1435997356221,1201.0
19394,1435997356241,1094.0
19395,1435997356261,1094.0
19396,1435997356281,1084.0
19397,1435997356301,1084.0
19398,1435997356321,1057.0
19399,1435997356343,1077.0
19400,1435997356366,1077.0
19401,1435997356382,1119.0
19402,1435997356403,1119.0
19403,1435997356422,1145.0
19404,1435997356444,1145.0
19405,1435997356464,1160.0
19406,1435997356486,1160.0
19407,1435997356505,1157.0
19408,1435997356522,1157.0
19409,1435997356543,1141.0
19410,1435997356564,1110.0
19411,1435997356584,1110.0
19412,1435997356602,1092.0
19413,1435997356623,1092.0
19414,1435997356649,1120.0
19415,1435997356680,1120.0
19416,1435997356682,1206.0
19417,1435997356741,1206.0
19418,1435997356742,1268.0
19419,1435997356743,1311.0
19420,1435997356763,1311.0
19421,1435997356782,1459.0
19422,1435997356802,1459.0
19423,1435997356822,1422.0
19424,1435997356842,1422.0
19425,1435997356862,1320.0
19426,1435997356882,1320.0
19427,1435997356902,1281.0
19428,1435997356922,1281.0
19429,1435997356942,1285.0
19430,1435997356962,1274.0
19431,1435997356983,1274.0
19432,1435997357003,1194.0
19433,1435997357023,1194.0
19434,1435997357046,1164.0
19435,1435997357065,1164.0
19436,1435997357087,1177.0
19437,1435997357106,1177.0
19438,1435997357125,1209.0
19439,1435997357146,1209.0
19440,1435997357165,1293.0
19441,1435997357185,1392.0
19442,1435997357207,1392.0
19443,1435997357228,1479.0
19444,1435997357245,1479.0
19445,1435997357268,1520.0
19446,1435997357346,1520.0
19447,1435997357347,1518.0
19448,1435997357348,1518.0
19449,1435997357349,1521.0
19450,1435997357364,1521.0
19451,1435997357388,1657.0
19452,1435997357404,1667.0
19453,1435997357425,1667.0
19454,1435997357445,1557.0
19455,1435997357465,1557.0
19456,1435997357486,1483.0
19457,1435997357505,1483.0
19458,1435997357525,1440.0
19459,1435997357544,1440.0
19460,1435997357565,1499.0
19461,1435997357585,1499.0
19462,1435997357608,1561.0
19463,1435997357627,1596.0
19464,1435997357648,1596.0
19465,1435997357667,1570.0
19466,1435997357687,1570.0
19467,1435997357705,1512.0
19468,1435997357725,1512.0
19469,1435997357746,1441.0
19470,1435997357766,1441.0
19471,1435997357786,1401.0
19472,1435997357806,1391.0
19473,1435997357826,1391.0
19474,1435997357847,1411.0
19475,1435997357869,1411.0
19476,1435997357890,1438.0
19477,1435997357908,1438.0
19478,1435997357927,1448.0
19479,1435997357947,1448.0
19480,1435997357965,1468.0
19481,1435997357993,1468.0
19482,1435997358050,1577.0
19483,1435997358051,1450.0
19484,1435997358052,1450.0
19485,1435997358074,1384.0
19486,1435997358085,1384.0
19487,1435997358113,1323.0
19488,1435997358125,1323.0
19489,1435997358147,1328.0
19490,1435997358167,1328.0
19491,1435997358185,1263.0
19492,1435997358205,1263.0
19493,1435997358225,1226.0
19494,1435997358247,1261.0
19495,1435997358266,1261.0
19496,1435997358287,1218.0
19497,1435997358308,1218.0
19498,1435997358329,1188.0
19499,1435997358348,1188.0
19500,1435997358368,1252.0
19501,1435997358387,1252.0
19502,1435997358406,1370.0
19503,1435997358425,1370.0
19504,1435997358446,1412.0
19505,1435997358465,1424.0
19506,1435997358485,1424.0
19507,1435997358506,1343.0
19508,1435997358526,1343.0
19509,1435997358547,1359.0
19510,1435997358568,1359.0
19511,1435997358586,1383.0
19512,1435997358606,1383.0
19513,1435997358626,1268.0
19514,1435997358649,1268.0
19515,1435997358675,1123.0
19516,1435997358686,1025.0
19517,1435997358705,1025.0
19518,1435997358737,999.0
19519,1435997358760,999.0
19520,1435997358767,1046.0
19521,1435997358785,1046.0
19522,1435997358805,1057.0
19523,1435997358825,1057.0
19524,1435997358845,1050.0
19525,1435997358867,1029.0
19526,1435997358886,1029.0
19527,1435997358905,1034.0
19528,1435997358927,1034.0
19529,1435997358945,1069.0
19530,1435997358969,1069.0
19531,1435997358988,1095.0
19532,1435997359007,1095.0
19533,1435997359026,1133.0
19534,1435997359047,1133.0
19535,1435997359067,1179.0
19536,1435997359086,1198.0
19537,1435997359105,1198.0
19538,1435997359126,1284.0
19539,1435997359147,1284.0
19540,1435997359171,1388.0
19541,1435997359188,1388.0
19542,1435997359212,1357.0
19543,1435997359231,1357.0
19544,1435997359251,1227.0
19545,1435997359269,1227.0
19546,1435997359287,1159.0
19547,1435997359306,1228.0
19548,1435997359326,1228.0
19549,1435997359349,1267.0
19550,1435997359370,1267.0
19551,1435997359390,1213.0
19552,1435997359407,1213.0
19553,1435997359430,1204.0
19554,1435997359518,1204.0
19555,1435997359519,1227.0
19556,1435997359520,1227.0
19557,1435997359521,1278.0
19558,1435997359536,1376.0
19559,1435997359546,1376.0
19560,1435997359566,1500.0
19561,1435997359586,1500.0
19562,1435997359606,1646.0
19563,1435997359629,1646.0
19564,1435997359648,1732.0
19565,1435997359668,1732.0
19566,1435997359687,1723.0
19567,1435997359707,1771.0
19568,1435997359726,1771.0
19569,1435997359748,1793.0
19570,1435997359768,1793.0
19571,1435997359788,1603.0
19572,1435997359809,1603.0
19573,1435997359827,1388.0
19574,1435997359847,1388.0
19575,1435997359867,1284.0
19576,1435997359887,1284.0
19577,1435997359909,1245.0
19578,1435997359926,1216.0
19579,1435997359948,1216.0
19580,1435997359967,1234.0
19581,1435997359987,1234.0
19582,1435997360008,1252.0
19583,1435997360032,1252.0
19584,1435997360052,1241.0
19585,1435997360071,1241.0
19586,1435997360089,1210.0
19587,1435997360107,1210.0
19588,1435997360127,1180.0
19589,1435997360148,1183.0
19590,1435997360167,1183.0
19591,1435997360253,1209.0
19592,1435997360254,1209.0
19593,1435997360255,1231.0
19594,1435997360256,1231.0
19595,1435997360266,1263.0
19596,1435997360290,1263.0
19597,1435997360307,1361.0
19598,1435997360327,1361.0
19599,1435997360347,1517.0
19600,1435997360367,1400.0
19601,1435997360388,1400.0
19602,1435997360411,1289.0
19603,1435997360427,1289.0
19604,1435997360447,1229.0
19605,1435997360469,1229.0
19606,1435997360488,1213.0
19607,1435997360508,1213.0
19608,1435997360530,1146.0
19609,1435997360547,1146.0
19610,1435997360570,1161.0
19611,1435997360588,1095.0
19612,1435997360608,1095.0
19613,1435997360627,1045.0
19614,1435997360653,1045.0
19615,1435997360669,1073.0
19616,1435997360688,1073.0
19617,1435997360708,1162.0
19618,1435997360727,1162.0
19619,1435997360748,1288.0
19620,1435997360767,1343.0
19621,1435997360789,1343.0
19622,1435997360809,1316.0
19623,1435997360828,1316.0
19624,1435997360847,1243.0
19625,1435997360867,1243.0
19626,1435997360889,1303.0
19627,1435997360915,1303.0
19628,1435997361000,1392.0
19629,1435997361001,1392.0
19630,1435997361002,1263.0
19631,1435997361003,1124.0
19632,1435997361010,1124.0
19633,1435997361029,1090.0
19634,1435997361051,1090.0
19635,1435997361068,1050.0
19636,1435997361087,1050.0
19637,1435997361108,1037.0
19638,1435997361128,1037.0
19639,1435997361148,1048.0
19640,1435997361169,1048.0
19641,1435997361189,1070.0
19642,1435997361210,1091.0
19643,1435997361228,1091.0
19644,1435997361249,1071.0
19645,1435997361268,1071.0
19646,1435997361288,1006.0
19647,1435997361308,1006.0
19648,1435997361330,1003.0
19649,1435997361349,1003.0
19650,1435997361369,995.0
19651,1435997361394,995.0
19652,1435997361407,974.0
19653,1435997361429,1016.0
19654,1435997361448,1016.0
19655,1435997361468,1056.0
19656,1435997361488,1056.0
19657,1435997361508,1133.0
19658,1435997361530,1133.0
19659,1435997361549,1049.0
19660,1435997361568,1049.0
19661,1435997361588,1012.0
19662,1435997361609,1012.0
19663,1435997361629,986.0
19664,1435997361656,996.0
19665,1435997361715,996.0
19666,1435997361716,955.0
19667,1435997361717,955.0
19668,1435997361739,892.0
19669,1435997361748,892.0
19670,1435997361770,858.0
19671,1435997361789,858.0
19672,1435997361808,872.0
19673,1435997361829,952.0
19674,1435997361848,952.0
19675,1435997361871,1068.0
19676,1435997361892,1068.0
19677,1435997361909,1141.0
19678,1435997361929,1141.0
19679,1435997361951,1214.0
19680,1435997361970,1214.0
19681,1435997361990,1254.0
19682,1435997362011,1254.0
19683,1435997362030,1251.0
19684,1435997362049,1328.0
19685,1435997362068,1328.0
19686,1435997362090,1381.0
19687,1435997362113,1381.0
19688,1435997362128,1294.0
19689,1435997362152,1294.0
19690,1435997362173,1186.0
19691,1435997362190,1186.0
19692,1435997362210,1132.0
19693,1435997362230,1132.0
19694,1435997362250,1078.0
19695,1435997362268,1050.0
19696,1435997362291,1050.0
19697,1435997362312,1083.0
19698,1435997362331,1083.0
19699,1435997362351,1125.0
19700,1435997362371,1125.0
19701,1435997362445,1141.0
19702,1435997362446,1141.0
19703,1435997362447,1096.0
19704,1435997362461,1096.0
19705,1435997362469,1027.0
19706,1435997362490,1001.0
19707,1435997362511,1001.0
19708,1435997362529,1033.0
19709,1435997362549,1033.0
19710,1435997362571,1088.0
19711,1435997362589,1088.0
19712,1435997362612,1104.0
19713,1435997362631,1104.0
19714,1435997362649,1203.0
19715,1435997362670,1203.0
19716,1435997362692,1193.0
19717,1435997362712,1084.0
19718,1435997362732,1084.0
19719,1435997362751,1019.0
19720,1435997362774,1019.0
19721,1435997362792,1028.0
19722,1435997362811,1028.0
19723,1435997362829,1110.0
19724,1435997362850,1110.0
19725,1435997362870,1151.0
19726,1435997362892,1172.0
19727,1435997362912,1172.0
19728,1435997362931,1061.0
19729,1435997362953,1061.0
19730,1435997362971,1016.0
19731,1435997362991,1016.0
19732,1435997363011,1105.0
19733,1435997363031,1105.0
19734,1435997363050,1289.0
19735,1435997363070,1289.0
19736,1435997363092,1363.0
19737,1435997363111,1349.0
19738,1435997363142,1349.0
19739,1435997363213,1291.0
19740,1435997363214,1291.0
19741,1435997363215,1327.0
19742,1435997363216,1327.0
19743,1435997363231,1409.0
19744,1435997363257,1409.0
19745,1435997363272,1235.0
19746,1435997363290,1235.0
19747,1435997363311,1080.0
19748,1435997363330,1048.0
19749,1435997363354,1048.0
19750,1435997363370,1086.0
19751,1435997363395,1086.0
19752,1435997363413,1095.0
19753,1435997363433,1095.0
19754,1435997363452,1130.0
19755,1435997363470,1130.0
19756,1435997363492,1160.0
19757,1435997363561,1160.0
19758,1435997363562,1184.0
19759,1435997363563,1160.0
19760,1435997363656,1160.0
19761,1435997363657,1103.0
19762,1435997363658,1103.0
19763,1435997363659,1078.0
19764,1435997363660,1078.0
19765,1435997363673,1078.0
19766,1435997363691,1078.0
19767,1435997363710,1156.0
19768,1435997363730,1156.0
19769,1435997363750,1238.0
19770,1435997363770,1334.0
19771,1435997363790,1334.0
19772,1435997363810,1419.0
19773,1435997363830,1419.0
19774,1435997363853,1309.0
19775,1435997363870,1309.0
19776,1435997363890,1241.0
19777,1435997363914,1241.0
19778,1435997363936,1240.0
19779,1435997363951,1172.0
19780,1435997363970,1172.0
19781,1435997363990,1120.0
19782,1435997364011,1120.0
19783,1435997364045,1115.0
19784,1435997364050,1115.0
19785,1435997364071,1078.0
19786,1435997364097,1078.0
19787,1435997364111,1081.0
19788,1435997364137,1081.0
19789,1435997364151,1126.0
19790,1435997364174,1270.0
19791,1435997364193,1270.0
19792,1435997364211,1408.0
19793,1435997364230,1408.0
19794,1435997364252,1521.0
19795,1435997364273,1521.0
19796,1435997364293,1538.0
19797,1435997364315,1538.0
19798,1435997364331,1529.0
19799,1435997364351,1529.0
19800,1435997364373,1669.0
19801,1435997364392,1564.0
19802,1435997364414,1564.0
19803,1435997364435,1338.0
19804,1435997364467,1338.0
19805,1435997364470,1235.0
19806,1435997364490,1235.0
19807,1435997364511,1229.0
19808,1435997364531,1229.0
19809,1435997364552,1248.0
19810,1435997364573,1248.0
19811,1435997364619,1275.0
19812,1435997364620,1327.0
19813,1435997364636,1327.0
19814,1435997364653,1315.0
19815,1435997364671,1315.0
19816,1435997364690,1264.0
19817,1435997364711,1264.0
19818,1435997364732,1231.0
19819,1435997364754,1231.0
19820,1435997364773,1209.0
19821,1435997364795,1220.0
19822,1435997364814,1220.0
19823,1435997364831,1281.0
19824,1435997364852,1281.0
19825,1435997364871,1337.0
19826,1435997364891,1337.0
19827,1435997364911,1428.0
19828,1435997364933,1428.0
19829,1435997364953,1444.0
19830,1435997364975,1444.0
19831,1435997365012,1300.0
19832,1435997365013,1274.0
19833,1435997365031,1274.0
19834,1435997365051,1307.0
19835,1435997365071,1307.0
19836,1435997365091,1312.0
19837,1435997365112,1312.0
19838,1435997365131,1310.0
19839,1435997365151,1310.0
19840,1435997365171,1343.0
19841,1435997365191,1343.0
19842,1435997365211,1309.0
19843,1435997365231,1239.0
19844,1435997365251,1239.0
19845,1435997365307,1287.0
19846,1435997365308,1287.0
19847,1435997365312,1443.0
19848,1435997365332,1443.0
19849,1435997365352,1687.0
19850,1435997365375,1687.0
19851,1435997365393,1887.0
19852,1435997365413,1887.0
19853,1435997365437,1896.0
19854,1435997365463,1987.0
19855,1435997365473,1987.0
19856,1435997365493,2132.0
19857,1435997365512,2132.0
19858,1435997365532,2051.0
19859,1435997365552,2051.0
19860,1435997365576,1957.0
19861,1435997365595,1957.0
19862,1435997365616,1907.0
19863,1435997365635,1907.0
19864,1435997365658,1862.0
19865,1435997365673,1904.0
19866,1435997365693,1904.0
19867,1435997365712,2035.0
19868,1435997365732,2035.0
19869,1435997365754,2143.0
19870,1435997365775,2143.0
19871,1435997365793,2252.0
19872,1435997365812,2252.0
19873,1435997365831,2345.0
19874,1435997365852,2418.0
19875,1435997365873,2418.0
19876,1435997365895,2460.0
19877,1435997365915,2460.0
19878,1435997365935,2487.0
19879,1435997365953,2487.0
19880,1435997365973,2604.0
19881,1435997366013,2604.0
19882,1435997366014,2808.0
19883,1435997366033,2808.0
19884,1435997366051,3063.0
19885,1435997366073,2859.0
19886,1435997366093,2859.0
19887,1435997366113,2838.0
19888,1435997366132,2838.0
19889,1435997366155,2950.0
19890,1435997366175,2950.0
19891,1435997366197,3124.0
19892,1435997366214,3124.0
19893,1435997366234,3186.0
19894,1435997366253,3186.0
19895,1435997366274,3058.0
19896,1435997366294,3057.0
19897,1435997366316,3057.0
19898,1435997366337,3153.0
19899,1435997366352,3153.0
19900,1435997366376,3259.0
19901,1435997366396,3259.0
19902,1435997366417,3534.0
19903,1435997366436,3534.0
19904,1435997366456,3944.0
19905,1435997366476,3944.0
19906,1435997366495,4180.0
19907,1435997366514,4361.0
19908,1435997366537,4361.0
19909,1435997366560,5137.0
19910,1435997366578,5137.0
19911,1435997366595,6005.0
19912,1435997366683,6005.0
19913,1435997366684,6245.0
19914,1435997366685,6245.0
19915,1435997366686,6158.0
19916,1435997366702,6158.0
19917,1435997366715,4901.0
19918,1435997366740,5095.0
19919,1435997366754,5095.0
19920,1435997366785,5400.0
19921,1435997366793,5400.0
19922,1435997366814,5902.0
19923,1435997366840,5902.0
19924,1435997366855,5745.0
19925,1435997366877,5745.0
19926,1435997366896,6355.0
19927,1435997366914,6281.0
19928,1435997366934,6621.0
19929,1435997366953,7232.0
19930,1435997366975,7232.0
19931,1435997366997,9099.0
19932,1435997367017,9099.0
19933,1435997367038,8004.0
19934,1435997367058,8004.0
19935,1435997367075,8961.0
19936,1435997367096,8961.0
19937,1435997367115,12672.0
19938,1435997367135,9388.0
19939,1435997367158,9388.0
19940,1435997367177,10147.0
19941,1435997367196,10147.0
19942,1435997367216,9481.0
19943,1435997367235,9481.0
19944,1435997367257,10644.0
19945,1435997367278,10644.0
19946,1435997367297,8942.0
19947,1435997367316,8942.0
19948,1435997367338,9077.0
19949,1435997367407,8808.0
19950,1435997367408,8808.0
19951,1435997367409,8744.0
19952,1435997367418,8744.0
19953,1435997367435,8419.0
19954,1435997367457,8419.0
19955,1435997367474,8007.0
19956,1435997367494,8007.0
19957,1435997367538,7764.0
19958,1435997367539,7764.0
19959,1435997367559,7956.0
19960,1435997367602,8078.0
19961,1435997367603,8078.0
19962,1435997367617,8656.0
19963,1435997367635,8656.0
19964,1435997367654,9090.0
19965,1435997367674,9090.0
19966,1435997367694,9473.0
19967,1435997367714,9473.0
19968,1435997367734,9951.0
19969,1435997367754,9331.0
19970,1435997367775,10465.0
19971,1435997368006,11380.0
19972,1435997368007,11380.0
19973,1435997368008,10594.0
19974,1435997368009,10594.0
19975,1435997368010,10988.0
19976,1435997368011,10988.0
19977,1435997368012,11948.0
19978,1435997368013,11948.0
19979,1435997368014,11961.0
19980,1435997368015,13276.0
19981,1435997368016,13276.0
19982,1435997368180,12154.0
19983,1435997368181,12154.0
19984,1435997368182,12408.0
19985,1435997368183,12408.0
19986,1435997368184,13476.0
19987,1435997368185,13476.0
19988,1435997368200,13274.0
19989,1435997368201,13274.0
19990,1435997368202,13580.0
19991,1435997368203,13586.0
19992,1435997368215,13586.0
19993,1435997368236,13391.0
19994,1435997368255,13391.0
19995,1435997368275,0.0
19996,1435997368294,14063.0
19997,1435997368314,14063.0
19998,1435997368334,13915.0
19999,1435997368356,13915.0
20000,1435997368377,13942.0
20001,1435997368398,13942.0
20002,1435997368416,14693.0
20003,1435997368435,14693.0
20004,1435997368455,14850.0
20005,1435997368476,0.0
20006,1435997368498,14616.0
20007,1435997368514,14616.0
20008,1435997368537,16136.0
20009,1435997368554,16136.0
20010,1435997368574,15079.0
20011,1435997368595,15079.0
20012,1435997368617,15356.0
20013,1435997368637,15356.0
20014,1435997368657,14614.0
20015,1435997368674,0.0
20016,1435997368695,14178.0
20017,1435997368725,14178.0
20018,1435997368735,15568.0
20019,1435997368755,15568.0
20020,1435997368849,14472.0
20021,1435997368850,14472.0
20022,1435997368851,14843.0
20023,1435997368852,14843.0
20024,1435997368859,15603.0
20025,1435997368880,0.0
20026,1435997368899,14943.0
20027,1435997368915,14943.0
20028,1435997368937,14902.0
20029,1435997368956,14902.0
20030,1435997368977,15171.0
20031,1435997368996,15171.0
20032,1435997369016,16404.0
20033,1435997369037,16404.0
20034,1435997369058,15126.0
20035,1435997369077,0.0
20036,1435997369099,14799.0
20037,1435997369118,14799.0
20038,1435997369137,15700.0
20039,1435997369156,15700.0
20040,1435997369175,16069.0
20041,1435997369197,16069.0
20042,1435997369217,15358.0
20043,1435997369239,15358.0
20044,1435997369256,15336.0
20045,1435997369276,0.0
20046,1435997369295,15853.0
20047,1435997369316,15853.0
20048,1435997369338,15471.0
20049,1435997369357,15471.0
20050,1435997369377,14985.0
20051,1435997369396,14985.0
20052,1435997369416,15459.0
20053,1435997369436,15459.0
20054,1435997369459,14514.0
20055,1435997369479,15543.0
20056,1435997369498,14798.0
20057,1435997369518,14970.0
20058,1435997369658,14970.0
20059,1435997369659,15365.0
20060,1435997369660,15365.0
20061,1435997369661,15363.0
20062,1435997369662,15363.0
20063,1435997369663,15252.0
20064,1435997369664,15252.0
20065,1435997369719,17247.0
20066,1435997369720,16851.0
20067,1435997369721,16851.0
20068,1435997369736,15009.0
20069,1435997369770,15009.0
20070,1435997369776,16241.0
20071,1435997369798,16241.0
20072,1435997369823,15754.0
20073,1435997369836,15754.0
20074,1435997369856,14967.0
20075,1435997369876,14967.0
20076,1435997369896,16797.0
20077,1435997369916,15113.0
20078,1435997369936,15113.0
20079,1435997369958,14538.0
20080,1435997369978,14538.0
20081,1435997369996,14583.0
20082,1435997370016,14583.0
20083,1435997370036,15338.0
20084,1435997370056,15338.0
20085,1435997370076,14477.0
20086,1435997370098,14477.0
20087,1435997370118,14107.0
20088,1435997370137,15861.0
20089,1435997370158,15861.0
20090,1435997370178,16194.0
20091,1435997370198,16194.0
20092,1435997370217,15035.0
20093,1435997370237,15035.0
20094,1435997370258,15623.0
20095,1435997370277,15623.0
20096,1435997370297,14834.0
20097,1435997370338,14834.0
20098,1435997370339,15842.0
20099,1435997370355,15802.0
20100,1435997370377,15802.0
20101,1435997370396,14353.0
20102,1435997370418,14353.0
20103,1435997370437,14442.0
20104,1435997370458,14442.0
20105,1435997370476,15015.0
20106,1435997370497,15015.0
20107,1435997370517,15016.0
20108,1435997370538,15059.0
20109,1435997370557,14593.0
20110,1435997370576,17849.0
20111,1435997370598,17849.0
20112,1435997370617,20830.0
20113,1435997370636,20830.0
20114,1435997370657,16114.0
20115,1435997370677,16114.0
20116,1435997370697,15235.0
20117,1435997370718,15235.0
20118,1435997370737,14386.0
20119,1435997370757,14359.0
20120,1435997370777,14359.0
20121,1435997370801,14529.0
20122,1435997370817,14529.0
20123,1435997370837,15020.0
20124,1435997370857,15020.0
20125,1435997370877,16814.0
20126,1435997370898,16814.0
20127,1435997370917,16316.0
20128,1435997370938,16316.0
20129,1435997370961,15711.0
20130,1435997371028,15028.0
20131,1435997371029,15028.0
20132,1435997371030,14813.0
20133,1435997371037,14813.0
20134,1435997371057,15022.0
20135,1435997371079,15022.0
20136,1435997371097,14647.0
20137,1435997371117,14647.0
20138,1435997371138,14703.0
20139,1435997371159,14703.0
20140,1435997371180,15651.0
20141,1435997371199,15044.0
20142,1435997371219,15044.0
20143,1435997371238,16740.0
20144,1435997371257,16740.0
20145,1435997371277,17501.0
20146,1435997371298,17501.0
20147,1435997371318,15166.0
20148,1435997371339,15166.0
20149,1435997371358,15343.0
20150,1435997371377,15810.0
20151,1435997371398,15035.0
20152,1435997371420,16218.0
20153,1435997371439,16218.0
20154,1435997371458,15693.0
20155,1435997371478,15693.0
20156,1435997371497,15405.0
20157,1435997371518,15405.0
20158,1435997371538,15138.0
20159,1435997371560,15138.0
20160,1435997371581,15573.0
20161,1435997371600,14712.0
20162,1435997371618,14712.0
20163,1435997371637,14585.0
20164,1435997371659,14585.0
20165,1435997371679,14719.0
20166,1435997371746,14719.0
20167,1435997371747,15329.0
20168,1435997371748,15329.0
20169,1435997371766,15978.0
20170,1435997371778,15978.0
20171,1435997371800,13673.0
20172,1435997371818,15267.0
20173,1435997371838,15267.0
20174,1435997371858,15693.0
20175,1435997371878,15693.0
20176,1435997371900,15075.0
20177,1435997371921,15075.0
20178,1435997371938,15684.0
20179,1435997371958,15684.0
20180,1435997371980,15564.0
20181,1435997371999,15564.0
20182,1435997372019,15226.0
20183,1435997372041,16052.0
20184,1435997372060,16052.0
20185,1435997372079,16400.0
20186,1435997372098,16400.0
20187,1435997372119,15858.0
20188,1435997372140,15858.0
20189,1435997372163,15993.0
20190,1435997372179,15993.0
20191,1435997372199,15750.0
20192,1435997372219,15750.0
20193,1435997372239,15585.0
20194,1435997372259,15788.0
20195,1435997372279,15788.0
20196,1435997372299,14514.0
20197,1435997372319,14514.0
20198,1435997372338,15476.0
20199,1435997372359,15476.0
20200,1435997372383,15061.0
20201,1435997372401,15061.0
20202,1435997372423,14810.0
20203,1435997372481,15230.0
20204,1435997372482,16785.0
20205,1435997372483,15822.0
20206,1435997372505,15822.0
20207,1435997372519,16754.0
20208,1435997372546,16754.0
20209,1435997372560,17249.0
20210,1435997372579,17249.0
20211,1435997372602,16393.0
20212,1435997372620,16393.0
20213,1435997372639,16273.0
20214,1435997372660,15891.0
20215,1435997372680,15891.0
20216,1435997372699,15319.0
20217,1435997372723,15319.0
20218,1435997372741,14686.0
20219,1435997372762,14686.0
20220,1435997372780,15089.0
20221,1435997372799,15089.0
20222,1435997372820,16249.0
20223,1435997372841,16249.0
20224,1435997372864,15073.0
20225,1435997372881,16459.0
20226,1435997372908,16459.0
20227,1435997372921,12940.0
20228,1435997372945,12940.0
20229,1435997372960,15379.0
20230,1435997372979,15379.0
20231,1435997373000,15400.0
20232,1435997373019,15400.0
20233,1435997373039,15162.0
20234,1435997373059,15162.0
20235,1435997373079,17284.0
20236,1435997373100,17033.0
20237,1435997373121,17033.0
20238,1435997373140,16517.0
20239,1435997373171,16517.0
20240,1435997373226,15747.0
20241,1435997373227,15747.0
20242,1435997373228,15216.0
20243,1435997373251,15216.0
20244,1435997373260,15402.0
20245,1435997373279,15402.0
20246,1435997373300,14790.0
20247,1435997373319,14859.0
20248,1435997373339,14859.0
20249,1435997373363,13870.0
20250,1435997373380,13870.0
20251,1435997373402,14087.0
20252,1435997373423,14087.0
20253,1435997373440,14088.0
20254,1435997373460,14088.0
20255,1435997373482,14267.0
20256,1435997373502,15627.0
20257,1435997373548,15627.0
20258,1435997373549,14805.0
20259,1435997373562,14805.0
20260,1435997373582,15895.0
20261,1435997373601,15895.0
20262,1435997373620,15756.0
20263,1435997373641,15756.0
20264,1435997373666,16518.0
20265,1435997373683,16518.0
20266,1435997373713,16654.0
20267,1435997373719,16621.0
20268,1435997373740,16621.0
20269,1435997373760,15973.0
20270,1435997373783,15973.0
20271,1435997373803,15490.0
20272,1435997373825,15490.0
20273,1435997373844,14334.0
20274,1435997373862,14334.0
20275,1435997373882,14885.0
20276,1435997373901,14885.0
20277,1435997373921,14800.0
20278,1435997373993,16899.0
20279,1435997373996,16899.0
20280,1435997373997,14670.0
20281,1435997374013,14670.0
20282,1435997374023,15940.0
20283,1435997374042,15940.0
20284,1435997374061,14460.0
20285,1435997374080,14460.0
20286,1435997374100,13867.0
20287,1435997374120,13867.0
20288,1435997374144,15549.0
20289,1435997374167,16408.0
20290,1435997374183,16408.0
20291,1435997374202,15012.0
20292,1435997374221,15012.0
20293,1435997374240,16200.0
20294,1435997374260,16200.0
20295,1435997374282,15061.0
20296,1435997374303,15061.0
20297,1435997374324,15746.0
20298,1435997374343,18990.0
20299,1435997374363,13828.0
20300,1435997374385,14011.0
20301,1435997374401,14011.0
20302,1435997374421,13719.0
20303,1435997374441,13719.0
20304,1435997374463,14411.0
20305,1435997374483,14411.0
20306,1435997374502,13539.0
20307,1435997374522,13539.0
20308,1435997374540,13518.0
20309,1435997374562,13521.0
20310,1435997374584,13521.0
20311,1435997374604,14066.0
20312,1435997374625,14066.0
20313,1435997374643,14244.0
20314,1435997374667,14244.0
20315,1435997374736,14323.0
20316,1435997374737,14323.0
20317,1435997374738,14833.0
20318,1435997374744,14833.0
20319,1435997374763,15036.0
20320,1435997374787,15200.0
20321,1435997374801,15200.0
20322,1435997374822,14477.0
20323,1435997374843,14477.0
20324,1435997374861,14041.0
20325,1435997374890,14041.0
20326,1435997374906,14483.0
20327,1435997374921,14483.0
20328,1435997374941,14314.0
20329,1435997374961,14314.0
20330,1435997374982,13692.0
20331,1435997375003,15035.0
20332,1435997375023,15035.0
20333,1435997375041,15059.0
20334,1435997375063,15059.0
20335,1435997375083,15607.0
20336,1435997375104,15607.0
20337,1435997375123,17022.0
20338,1435997375142,17022.0
20339,1435997375165,15463.0
20340,1435997375183,15463.0
20341,1435997375202,14362.0
20342,1435997375221,14979.0
20343,1435997375243,14979.0
20344,1435997375261,14535.0
20345,1435997375283,14535.0
20346,1435997375301,14928.0
20347,1435997375324,14928.0
20348,1435997375344,15467.0
20349,1435997375488,15467.0
20350,1435997375489,15674.0
20351,1435997375490,16408.0
20352,1435997375491,15173.0
20353,1435997375492,15183.0
20354,1435997375493,15183.0
20355,1435997375494,14583.0
20356,1435997375547,14583.0
20357,1435997375548,12890.0
20358,1435997375549,12890.0
20359,1435997375561,11630.0
20360,1435997375591,11630.0
20361,1435997375601,11985.0
20362,1435997375623,12295.0
20363,1435997375646,12295.0
20364,1435997375663,12411.0
20365,1435997375682,12411.0
20366,1435997375701,12377.0
20367,1435997375721,12377.0
20368,1435997375741,13200.0
20369,1435997375761,13200.0
20370,1435997375784,13799.0
20371,1435997375801,13799.0
20372,1435997375823,13404.0
20373,1435997375843,15616.0
20374,1435997375862,15616.0
20375,1435997375883,14153.0
20376,1435997375905,14153.0
20377,1435997375923,13776.0
20378,1435997375942,13776.0
20379,1435997375961,0.0
20380,1435997375981,13078.0
20381,1435997376003,13078.0
20382,1435997376026,13663.0
20383,1435997376044,13663.0
20384,1435997376061,13097.0
20385,1435997376083,13097.0
20386,1435997376101,13359.0
20387,1435997376124,13359.0
20388,1435997376168,13088.0
20389,1435997376169,9096.0
20390,1435997376181,16804.0
20391,1435997376201,14387.0
20392,1435997376221,14387.0
20393,1435997376243,14772.0
20394,1435997376261,14772.0
20395,1435997376283,13273.0
20396,1435997376302,13273.0
20397,1435997376325,13276.0
20398,1435997376345,13276.0
20399,1435997376363,13485.0
20400,1435997376382,13840.0
20401,1435997376405,13840.0
20402,1435997376425,14980.0
20403,1435997376445,14980.0
20404,1435997376465,15155.0
20405,1435997376484,15155.0
20406,1435997376502,13543.0
20407,1435997376523,13543.0
20408,1435997376542,0.0
20409,1435997376562,12434.0
20410,1435997376582,12434.0
20411,1435997376602,11963.0
20412,1435997376624,11963.0
20413,1435997376642,11477.0
20414,1435997376662,11477.0
20415,1435997376682,11328.0
20416,1435997376706,11328.0
20417,1435997376724,10739.0
20418,1435997376748,11211.0
20419,1435997376765,10583.0
20420,1435997376809,10782.0
20421,1435997376810,10782.0
20422,1435997376843,11575.0
20423,1435997376844,11575.0
20424,1435997376868,12509.0
20425,1435997376885,12509.0
20426,1435997376907,12860.0
20427,1435997376929,12860.0
20428,1435997376955,14479.0
20429,1435997376967,12920.0
20430,1435997376983,12920.0
20431,1435997377015,12690.0
20432,1435997377040,12690.0
20433,1435997377045,13815.0
20434,1435997377065,13815.0
20435,1435997377084,13255.0
20436,1435997377103,13255.0
20437,1435997377126,13888.0
20438,1435997377143,13888.0
20439,1435997377163,13348.0
20440,1435997377186,13421.0
20441,1435997377204,13421.0
20442,1435997377223,0.0
20443,1435997377244,13297.0
20444,1435997377263,13297.0
20445,1435997377288,13671.0
20446,1435997377307,13671.0
20447,1435997377325,14812.0
20448,1435997377343,14812.0
20449,1435997377364,14924.0
20450,1435997377387,14924.0
20451,1435997377407,15135.0
20452,1435997377426,0.0
20453,1435997377445,18306.0
20454,1435997377464,18306.0
20455,1435997377484,14897.0
20456,1435997377507,14897.0
20457,1435997377522,15795.0
20458,1435997377544,15795.0
20459,1435997377565,15286.0
20460,1435997377582,15286.0
20461,1435997377603,14903.0
20462,1435997377623,0.0
20463,1435997377644,14047.0
20464,1435997377663,14047.0
20465,1435997377684,13476.0
20466,1435997377704,13476.0
20467,1435997377724,15006.0
20468,1435997377746,15006.0
20469,1435997377766,15749.0
20470,1435997377784,15749.0
20471,1435997377805,14217.0
20472,1435997377826,0.0
20473,1435997377848,12471.0
20474,1435997377867,12471.0
20475,1435997377888,12683.0
20476,1435997377904,12683.0
20477,1435997377925,12779.0
20478,1435997377947,12779.0
20479,1435997377968,13261.0
20480,1435997377988,13261.0
20481,1435997378007,13311.0
20482,1435997378027,12422.0
20483,1435997378046,14854.0
20484,1435997378065,16856.0
20485,1435997378086,16856.0
20486,1435997378109,13881.0
20487,1435997378129,13881.0
20488,1435997378147,15184.0
20489,1435997378171,15184.0
20490,1435997378248,0.0
20491,1435997378249,14188.0
20492,1435997378250,14188.0
20493,1435997378251,14749.0
20494,1435997378267,14749.0
20495,1435997378289,14972.0
20496,1435997378304,14972.0
20497,1435997378325,14763.0
20498,1435997378346,14763.0
20499,1435997378366,14176.0
20500,1435997378385,0.0
20501,1435997378405,15113.0
20502,1435997378426,15113.0
20503,1435997378448,14128.0
20504,1435997378467,14128.0
20505,1435997378487,15556.0
20506,1435997378506,15556.0
20507,1435997378528,15620.0
20508,1435997378546,15620.0
20509,1435997378571,14682.0
20510,1435997378586,0.0
20511,1435997378605,14132.0
20512,1435997378627,14132.0
20513,1435997378649,14692.0
20514,1435997378757,14692.0
20515,1435997378758,15567.0
20516,1435997378759,15567.0
20517,1435997378760,14871.0
20518,1435997378761,14871.0
20519,1435997378767,18109.0
20520,1435997378795,0.0
20521,1435997378807,15590.0
20522,1435997378828,15590.0
20523,1435997378868,15020.0
20524,1435997378869,15020.0
20525,1435997378888,15618.0
20526,1435997378905,15618.0
20527,1435997378925,15782.0
20528,1435997378945,15782.0
20529,1435997378992,14057.0
20530,1435997378993,0.0
20531,1435997379007,13656.0
20532,1435997379025,13656.0
20533,1435997379051,13482.0
20534,1435997379065,13482.0
20535,1435997379101,13739.0
20536,1435997379108,13739.0
20537,1435997379125,14003.0
20538,1435997379148,14003.0
20539,1435997379165,13327.0
20540,1435997379185,0.0
20541,1435997379203,13495.0
20542,1435997379223,13495.0
20543,1435997379243,13235.0
20544,1435997379264,13235.0
20545,1435997379284,14154.0
20546,1435997379306,14154.0
20547,1435997379324,14147.0
20548,1435997379347,14147.0
20549,1435997379367,14443.0
20550,1435997379386,14823.0
20551,1435997379405,14743.0
20552,1435997379426,14918.0
20553,1435997379446,14918.0
20554,1435997379466,15563.0
20555,1435997379487,15563.0
20556,1435997379507,13735.0
20557,1435997379526,13735.0
20558,1435997379544,14444.0
20559,1435997379565,14444.0
20560,1435997379585,13849.0
20561,1435997379607,13301.0
20562,1435997379625,13301.0
20563,1435997379672,14077.0
20564,1435997379673,14077.0
20565,1435997379685,14120.0
20566,1435997379705,14120.0
20567,1435997379737,14907.0
20568,1435997379746,14907.0
20569,1435997379764,14424.0
20570,1435997379784,14424.0
20571,1435997379804,14951.0
20572,1435997379824,13921.0
20573,1435997379844,13921.0
20574,1435997379864,14623.0
20575,1435997379884,14623.0
20576,1435997379904,14497.0
20577,1435997379924,14497.0
20578,1435997379944,14793.0
20579,1435997379964,14793.0
20580,1435997379984,15690.0
20581,1435997380004,15690.0
20582,1435997380025,14473.0
20583,1435997380048,14682.0
20584,1435997380067,14682.0
20585,1435997380085,14216.0
20586,1435997380106,14216.0
20587,1435997380126,13892.0
20588,1435997380145,13892.0
20589,1435997380166,13500.0
20590,1435997380186,13500.0
20591,1435997380207,13399.0
20592,1435997380226,13399.0
20593,1435997380247,13887.0
20594,1435997380441,13474.0
20595,1435997380442,13474.0
20596,1435997380443,13421.0
20597,1435997380464,13421.0
20598,1435997380474,13762.0
20599,1435997380475,13762.0
20600,1435997380476,14413.0
20601,1435997380477,14413.0
20602,1435997380478,14485.0
20603,1435997380479,14073.0
20604,1435997380480,14804.0
20605,1435997380574,15158.0
20606,1435997380575,15158.0
20607,1435997380576,15177.0
20608,1435997380577,15177.0
20609,1435997380578,15420.0
20610,1435997380592,15420.0
20611,1435997380606,14246.0
20612,1435997380628,14246.0
20613,1435997380646,14954.0
20614,1435997380668,14310.0
20615,1435997380687,14310.0
20616,1435997380706,14694.0
20617,1435997380726,14694.0
20618,1435997380747,14761.0
20619,1435997380768,14761.0
20620,1435997380788,14212.0
20621,1435997380809,14212.0
20622,1435997380827,14042.0
20623,1435997380846,14042.0
20624,1435997380867,13771.0
20625,1435997380887,13751.0
20626,1435997380908,13751.0
20627,1435997380926,13698.0
20628,1435997380947,13698.0
20629,1435997380968,13650.0
20630,1435997380987,13650.0
20631,1435997381007,13701.0
20632,1435997381026,13701.0
20633,1435997381047,14236.0
20634,1435997381068,14236.0
20635,1435997381096,19497.0
20636,1435997381114,17199.0
20637,1435997381134,17199.0
20638,1435997381146,15169.0
20639,1435997381168,15169.0
20640,1435997381187,13462.0
20641,1435997381208,13462.0
20642,1435997381227,12911.0
20643,1435997381249,12911.0
20644,1435997381268,13500.0
20645,1435997381287,13500.0
20646,1435997381308,13709.0
20647,1435997381328,13683.0
20648,1435997381347,13683.0
20649,1435997381367,13663.0
20650,1435997381389,13663.0
20651,1435997381408,13363.0
20652,1435997381427,13363.0
20653,1435997381450,13082.0
20654,1435997381468,13082.0
20655,1435997381488,13022.0
20656,1435997381509,9921.0
20657,1435997381529,14892.0
20658,1435997381549,14804.0
20659,1435997381568,14804.0
20660,1435997381587,14346.0
20661,1435997381607,14346.0
20662,1435997381627,14126.0
20663,1435997381647,14126.0
20664,1435997381669,15444.0
20665,1435997381690,15444.0
20666,1435997381710,15630.0
20667,1435997381778,0.0
20668,1435997381779,16617.0
20669,1435997381780,16617.0
20670,1435997381799,14591.0
20671,1435997381807,14591.0
20672,1435997381827,14256.0
20673,1435997381850,14256.0
20674,1435997381867,15404.0
20675,1435997381887,15404.0
20676,1435997381909,15010.0
20677,1435997381928,0.0
20678,1435997381948,14161.0
20679,1435997381969,14161.0
20680,1435997381989,14175.0
20681,1435997382007,14175.0
20682,1435997382028,14104.0
20683,1435997382049,14104.0
20684,1435997382070,14285.0
20685,1435997382090,14285.0
20686,1435997382110,14095.0
20687,1435997382128,0.0
20688,1435997382147,14436.0
20689,1435997382170,14436.0
20690,1435997382190,14260.0
20691,1435997382214,14260.0
20692,1435997382228,15028.0
20693,1435997382249,15028.0
20694,1435997382268,15686.0
20695,1435997382288,15686.0
20696,1435997382309,15778.0
20697,1435997382328,0.0
20698,1435997382349,14841.0
20699,1435997382369,14841.0
20700,1435997382389,14961.0
20701,1435997382408,14961.0
20702,1435997382428,14463.0
20703,1435997382450,14463.0
20704,1435997382479,14630.0
20705,1435997382537,14630.0
20706,1435997382538,14175.0
20707,1435997382555,0.0
20708,1435997382556,15285.0
20709,1435997382568,15285.0
20710,1435997382597,13551.0
20711,1435997382610,13551.0
20712,1435997382628,13199.0
20713,1435997382650,13199.0
20714,1435997382669,13387.0
20715,1435997382689,13387.0
20716,1435997382712,15146.0
20717,1435997382729,14159.0
20718,1435997382749,14960.0
20719,1435997382768,16820.0
20720,1435997382791,16820.0
20721,1435997382812,14556.0
20722,1435997382831,14556.0
20723,1435997382850,0.0
20724,1435997382870,14858.0
20725,1435997382892,14858.0
20726,1435997382910,15030.0
20727,1435997382929,15030.0
20728,1435997382953,14037.0
20729,1435997382970,14037.0
20730,1435997382989,14585.0
20731,1435997383015,14585.0
20732,1435997383034,14215.0
20733,1435997383051,0.0
20734,1435997383069,15099.0
20735,1435997383088,15099.0
20736,1435997383110,14303.0
20737,1435997383129,14303.0
20738,1435997383149,15067.0
20739,1435997383175,15067.0
20740,1435997383190,14949.0
20741,1435997383212,14949.0
20742,1435997383289,14463.0
20743,1435997383290,0.0
20744,1435997383291,14187.0
20745,1435997383292,14187.0
20746,1435997383311,14192.0
20747,1435997383337,14192.0
20748,1435997383354,14766.0
20749,1435997383369,14766.0
20750,1435997383390,16164.0
20751,1435997383445,16164.0
20752,1435997383446,15345.0
20753,1435997383449,0.0
20754,1435997383475,16272.0
20755,1435997383496,16272.0
20756,1435997383509,15155.0
20757,1435997383557,15155.0
20758,1435997383558,15743.0
20759,1435997383570,15743.0
20760,1435997383590,13886.0
20761,1435997383611,13886.0
20762,1435997383634,14046.0
20763,1435997383652,0.0
20764,1435997383673,13986.0
20765,1435997383692,13986.0
20766,1435997383713,13973.0
20767,1435997383733,13973.0
20768,1435997383750,13846.0
20769,1435997383770,13846.0
20770,1435997383789,13293.0
20771,1435997383810,13293.0
20772,1435997383830,13561.0
20773,1435997383849,0.0
20774,1435997383871,14157.0
20775,1435997383893,14157.0
20776,1435997383912,14831.0
20777,1435997383929,14831.0
20778,1435997383949,14716.0
20779,1435997383969,14716.0
20780,1435997383991,15343.0
20781,1435997384060,15343.0
20782,1435997384061,15798.0
20783,1435997384062,15370.0
20784,1435997384082,16066.0
20785,1435997384089,16002.0
20786,1435997384110,16002.0
20787,1435997384132,15684.0
20788,1435997384150,15684.0
20789,1435997384170,15027.0
20790,1435997384193,15027.0
20791,1435997384210,14946.0
20792,1435997384233,14946.0
20793,1435997384251,14889.0
20794,1435997384270,14176.0
20795,1435997384290,14176.0
20796,1435997384312,14584.0
20797,1435997384332,14584.0
20798,1435997384353,14522.0
20799,1435997384373,14522.0
20800,1435997384393,15346.0
20801,1435997384413,15346.0
20802,1435997384433,15205.0
20803,1435997384452,15205.0
20804,1435997384470,15015.0
20805,1435997384497,14680.0
20806,1435997384513,14680.0
20807,1435997384535,15007.0
20808,1435997384557,15007.0
20809,1435997384577,16039.0
20810,1435997384594,16039.0
20811,1435997384612,16005.0
20812,1435997384630,16005.0
20813,1435997384650,15595.0
20814,1435997384676,15595.0
20815,1435997384696,15743.0
20816,1435997384716,14968.0
20817,1435997384732,14968.0
20818,1435997384807,15067.0
20819,1435997384808,15067.0
20820,1435997384811,14840.0
20821,1435997384812,14840.0
20822,1435997384836,14062.0
20823,1435997384852,14062.0
20824,1435997384877,14447.0
20825,1435997384890,14447.0
20826,1435997384910,14748.0
20827,1435997384931,13833.0
20828,1435997384952,13833.0
20829,1435997384974,13730.0
20830,1435997384991,13730.0
20831,1435997385018,15024.0
20832,1435997385034,15024.0
20833,1435997385053,18932.0
20834,1435997385073,18932.0
20835,1435997385091,14398.0
20836,1435997385113,16698.0
20837,1435997385133,15132.0
20838,1435997385153,14726.0
20839,1435997385174,14726.0
20840,1435997386796,15637.0
20841,1435997386797,15637.0
20842,1435997386798,16234.0
20843,1435997386799,16234.0
20844,1435997386800,14933.0
20845,1435997386801,14933.0
20846,1435997386802,15078.0
20847,1435997386803,15037.0
20848,1435997386804,15037.0
20849,1435997386805,14535.0
20850,1435997386806,14535.0
20851,1435997386807,15217.0
20852,1435997386808,15217.0
20853,1435997386809,14998.0
20854,1435997386810,14998.0
20855,1435997386811,14941.0
20856,1435997386812,14941.0
20857,1435997386813,14001.0
20858,1435997386814,13885.0
20859,1435997386815,13885.0
20860,1435997386816,14640.0
20861,1435997386817,14640.0
20862,1435997386818,14927.0
20863,1435997386819,14927.0
20864,1435997386820,16222.0
20865,1435997386821,16222.0
20866,1435997386822,13453.0
20867,1435997386823,13453.0
20868,1435997386824,13954.0
20869,1435997386825,16391.0
20870,1435997386826,16391.0
20871,1435997386827,14214.0
20872,1435997386828,14214.0
20873,1435997386829,13920.0
20874,1435997386830,13920.0
20875,1435997386831,15447.0
20876,1435997386832,15447.0
20877,1435997386833,14057.0
20878,1435997386834,14057.0
20879,1435997386835,15597.0
20880,1435997386836,14743.0
20881,1435997386837,14743.0
20882,1435997386838,14585.0
20883,1435997386839,14585.0
20884,1435997386840,14175.0
20885,1435997386841,14175.0
20886,1435997386842,13524.0
20887,1435997386843,13524.0
20888,1435997386844,13438.0
20889,1435997386845,13233.0
20890,1435997386846,13489.0
20891,1435997386847,13501.0
20892,1435997386848,13501.0
20893,1435997386849,13819.0
20894,1435997386850,13819.0
20895,1435997386851,14152.0
20896,1435997386852,14152.0
20897,1435997386853,13938.0
20898,1435997386854,13938.0
20899,1435997386855,13659.0
20900,1435997386856,13170.0
20901,1435997386857,13170.0
20902,1435997386858,12219.0
20903,1435997386859,12219.0
20904,1435997386860,11511.0
20905,1435997386861,11511.0
20906,1435997386862,11182.0
20907,1435997386863,11182.0
20908,1435997386864,10983.0
20909,1435997386865,10983.0
20910,1435997386866,10317.0
20911,1435997386867,15298.0
20912,1435997386868,15298.0
20913,1435997386869,18234.0
20914,1435997386870,18234.0
20915,1435997386871,9787.0
20916,1435997386872,9787.0
20917,1435997386873,11777.0
20918,1435997386874,11777.0
20919,1435997386875,9662.0
20920,1435997386876,9662.0
20921,1435997386877,10312.0
20922,1435997386878,8551.0
20923,1435997386879,8551.0
20924,1435997386880,15242.0
20925,1435997386891,15242.0
20926,1435997386911,11675.0
20927,1435997386931,11675.0
20928,1435997386951,10555.0
20929,1435997386971,10555.0
20930,1435997386991,10902.0
20931,1435997387011,10902.0
20932,1435997387032,9092.0
20933,1435997387055,9054.0
20934,1435997387075,9054.0
20935,1435997387092,8671.0
20936,1435997387115,8671.0
20937,1435997387133,8976.0
20938,1435997387154,8976.0
20939,1435997387174,8781.0
20940,1435997387200,8781.0
20941,1435997387213,8485.0
20942,1435997387239,9882.0
20943,1435997387257,7436.0
20944,1435997387275,5347.0
20945,1435997387294,5347.0
20946,1435997387314,3866.0
20947,1435997387333,3866.0
20948,1435997387353,3230.0
20949,1435997387427,3230.0
20950,1435997387428,3231.0
20951,1435997387429,3231.0
20952,1435997387435,3205.0
20953,1435997387453,3138.0
20954,1435997387477,3138.0
20955,1435997387494,3248.0
20956,1435997387514,3248.0
20957,1435997387534,3482.0
20958,1435997387555,3482.0
20959,1435997387579,3467.0
20960,1435997387607,3467.0
20961,1435997387615,3149.0
20962,1435997387633,3149.0
20963,1435997387655,3006.0
20964,1435997387676,2929.0
20965,1435997387696,2929.0
20966,1435997387716,2675.0
20967,1435997387737,2675.0
20968,1435997387755,2486.0
20969,1435997387774,2486.0
20970,1435997387793,2395.0
20971,1435997387816,2395.0
20972,1435997387834,2332.0
20973,1435997387855,2332.0
20974,1435997387874,2400.0
20975,1435997387893,2504.0
20976,1435997387913,2504.0
20977,1435997387940,2595.0
20978,1435997387960,2595.0
20979,1435997387981,2743.0
20980,1435997387998,2743.0
20981,1435997388014,2893.0
20982,1435997388034,2893.0
20983,1435997388054,2992.0
20984,1435997388074,2992.0
20985,1435997388094,2960.0
20986,1435997388169,2996.0
20987,1435997388171,2996.0
20988,1435997388172,3089.0
20989,1435997388174,3089.0
20990,1435997388194,3518.0
20991,1435997388214,3518.0
20992,1435997388234,3534.0
20993,1435997388257,3534.0
20994,1435997388276,4235.0
20995,1435997388295,3665.0
20996,1435997388314,5034.0
20997,1435997388335,5175.0
20998,1435997388356,5175.0
20999,1435997388376,5201.0
21000,1435997388397,5201.0
21001,1435997388418,4855.0
21002,1435997388437,4855.0
21003,1435997388457,4909.0
21004,1435997388477,4909.0
21005,1435997388495,4689.0
21006,1435997388514,4442.0
21007,1435997388534,4442.0
21008,1435997388582,4403.0
21009,1435997388583,4403.0
21010,1435997388597,4477.0
21011,1435997388614,4477.0
21012,1435997388635,3971.0
21013,1435997388655,3971.0
21014,1435997388678,4098.0
21015,1435997388700,4098.0
21016,1435997388720,3553.0
21017,1435997388738,3533.0
21018,1435997388756,3533.0
21019,1435997388775,3300.0
21020,1435997388796,3300.0
21021,1435997388815,3166.0
21022,1435997388838,3166.0
21023,1435997388905,3046.0
21024,1435997388906,3046.0
21025,1435997388907,3181.0
21026,1435997388914,3181.0
21027,1435997388934,3196.0
21028,1435997388957,3083.0
21029,1435997388976,3083.0
21030,1435997388994,3056.0
21031,1435997389018,3056.0
21032,1435997389034,3098.0
21033,1435997389059,3098.0
21034,1435997389076,3145.0
21035,1435997389096,3145.0
21036,1435997389114,3149.0
21037,1435997389134,3149.0
21038,1435997389156,3205.0
21039,1435997389176,3245.0
21040,1435997389198,3245.0
21041,1435997389218,3138.0
21042,1435997389238,3138.0
21043,1435997389257,2560.0
21044,1435997389275,2560.0
21045,1435997389298,919.0
21046,1435997389314,919.0
21047,1435997389336,635.0
21048,1435997389356,615.0
21049,1435997389376,615.0
21050,1435997389396,596.0
21051,1435997389419,596.0
21052,1435997389440,604.0
21053,1435997389461,604.0
21054,1435997389478,584.0
21055,1435997389496,584.0
21056,1435997389515,555.0
21057,1435997389540,555.0
21058,1435997389679,540.0
21059,1435997389680,531.0
21060,1435997389681,531.0
21061,1435997389682,533.0
21062,1435997389706,533.0
21063,1435997389707,534.0
21064,1435997389708,534.0
21065,1435997389709,528.0
21066,1435997389855,528.0
21067,1435997389856,512.0
21068,1435997389857,512.0
21069,1435997389858,503.0
21070,1435997389859,506.0
21071,1435997389860,506.0
21072,1435997389861,513.0
21073,1435997389862,513.0
21074,1435997389906,511.0
21075,1435997389907,511.0
21076,1435997389915,514.0
21077,1435997389936,514.0
21078,1435997389955,512.0
21079,1435997389975,512.0
21080,1435997389995,520.0
21081,1435997390024,525.0
21082,1435997390040,525.0
21083,1435997390059,528.0
21084,1435997390075,528.0
21085,1435997390095,528.0
21086,1435997390119,528.0
21087,1435997390144,530.0
21088,1435997390155,530.0
21089,1435997390178,535.0
21090,1435997390198,535.0
21091,1435997390214,536.0
21092,1435997390234,543.0
21093,1435997390255,543.0
21094,1435997390275,544.0
21095,1435997390295,544.0
21096,1435997390316,539.0
21097,1435997390335,539.0
21098,1435997390355,532.0
21099,1435997390389,532.0
21100,1435997390397,529.0
21101,1435997390414,536.0
21102,1435997390435,536.0
21103,1435997390455,534.0
21104,1435997390475,534.0
21105,1435997390495,528.0
21106,1435997390516,528.0
21107,1435997390536,524.0
21108,1435997390557,524.0
21109,1435997390578,524.0
21110,1435997390596,524.0
21111,1435997390617,526.0
21112,1435997390635,534.0
21113,1435997390656,534.0
21114,1435997390677,536.0
21115,1435997390697,536.0
21116,1435997390719,538.0
21117,1435997390738,538.0
21118,1435997390756,532.0
21119,1435997390776,532.0
21120,1435997390797,534.0
21121,1435997390818,534.0
21122,1435997390838,538.0
21123,1435997390858,535.0
21124,1435997390880,535.0
21125,1435997390897,536.0
21126,1435997390917,536.0
21127,1435997390937,540.0
21128,1435997390956,540.0
21129,1435997390983,542.0
21130,1435997391038,542.0
21131,1435997391039,543.0
21132,1435997391040,543.0
21133,1435997391058,541.0
21134,1435997391077,547.0
21135,1435997391097,547.0
21136,1435997391117,549.0
21137,1435997391137,549.0
21138,1435997391158,550.0
21139,1435997391177,550.0
21140,1435997391200,549.0
21141,1435997391218,549.0
21142,1435997391237,549.0
21143,1435997391256,549.0
21144,1435997391277,556.0
21145,1435997391297,560.0
21146,1435997391318,560.0
21147,1435997391338,565.0
21148,1435997391359,565.0
21149,1435997391378,573.0
21150,1435997391398,573.0
21151,1435997391418,572.0
21152,1435997391438,572.0
21153,1435997391457,566.0
21154,1435997391476,564.0
21155,1435997391498,564.0
21156,1435997391518,559.0
21157,1435997391539,559.0
21158,1435997391558,555.0
21159,1435997391578,555.0
21160,1435997391598,554.0
21161,1435997391617,554.0
21162,1435997391646,546.0
21163,1435997391703,546.0
21164,1435997391704,549.0
21165,1435997391705,554.0
21166,1435997391727,554.0
21167,1435997391737,562.0
21168,1435997391760,562.0
21169,1435997391777,574.0
21170,1435997391797,574.0
21171,1435997391833,590.0
21172,1435997391837,590.0
21173,1435997391857,605.0
21174,1435997391877,605.0
21175,1435997391897,631.0
21176,1435997391918,661.0
21177,1435997391937,661.0
21178,1435997391958,671.0
21179,1435997391979,671.0
21180,1435997391998,666.0
21181,1435997392017,666.0
21182,1435997392037,665.0
21183,1435997392058,665.0
21184,1435997392078,658.0
21185,1435997392098,658.0
21186,1435997392118,664.0
21187,1435997392138,651.0
21188,1435997392159,651.0
21189,1435997392181,639.0
21190,1435997392201,639.0
21191,1435997392223,630.0
21192,1435997392240,630.0
21193,1435997392259,628.0
21194,1435997392278,628.0
21195,1435997392300,637.0
21196,1435997392320,637.0
21197,1435997392341,626.0
21198,1435997392358,634.0
21199,1435997392379,634.0
21200,1435997392452,647.0
21201,1435997392453,647.0
21202,1435997392454,652.0
21203,1435997392462,652.0
21204,1435997392481,654.0
21205,1435997392504,654.0
21206,1435997392518,656.0
21207,1435997392540,656.0
21208,1435997392559,666.0
21209,1435997392579,661.0
21210,1435997392599,661.0
21211,1435997392619,653.0
21212,1435997392638,653.0
21213,1435997392660,652.0
21214,1435997392679,652.0
21215,1435997392699,661.0
21216,1435997392718,661.0
21217,1435997392738,678.0
21218,1435997392760,692.0
21219,1435997392780,692.0
21220,1435997392800,699.0
21221,1435997392820,699.0
21222,1435997392841,700.0
21223,1435997392860,700.0
21224,1435997392879,702.0
21225,1435997392901,702.0
21226,1435997392920,722.0
21227,1435997392938,722.0
21228,1435997392961,736.0
21229,1435997392981,731.0
21230,1435997393002,731.0
21231,1435997393020,727.0
21232,1435997393042,727.0
21233,1435997393060,741.0
21234,1435997393080,741.0
21235,1435997393113,754.0
21236,1435997393184,754.0
21237,1435997393185,963.0
21238,1435997393186,963.0
21239,1435997393187,1978.0
21240,1435997393199,3046.0
21241,1435997393219,3046.0
21242,1435997393240,5682.0
21243,1435997393259,5682.0
21244,1435997393279,8451.0
21245,1435997393298,8451.0
21246,1435997393320,11477.0
21247,1435997393342,11477.0
21248,1435997393359,12523.0
21249,1435997393381,12523.0
21250,1435997393402,10656.0
21251,1435997393419,10716.0
21252,1435997393442,10716.0
21253,1435997393461,9596.0
21254,1435997393510,9596.0
21255,1435997393511,6739.0
21256,1435997393530,6739.0
21257,1435997393560,6257.0
21258,1435997393561,6257.0
21259,1435997393579,10101.0
21260,1435997393599,10101.0
21261,1435997393618,11754.0
21262,1435997393639,11424.0
21263,1435997393660,11424.0
21264,1435997393680,10968.0
21265,1435997393700,10968.0
21266,1435997393719,11177.0
21267,1435997393741,11177.0
21268,1435997393763,11577.0
21269,1435997393781,11577.0
21270,1435997393803,11537.0
21271,1435997393823,11338.0
21272,1435997393964,12009.0
21273,1435997393965,12624.0
21274,1435997393966,12624.0
21275,1435997393967,14878.0
21276,1435997393977,14878.0
21277,1435997393978,14349.0
21278,1435997393979,14349.0
21279,1435997393980,13479.0
21280,1435997394011,13479.0
21281,1435997394023,13495.0
21282,1435997394041,13575.0
21283,1435997394061,13575.0
21284,1435997394079,0.0
21285,1435997394102,13391.0
21286,1435997394121,13391.0
21287,1435997394140,13564.0
21288,1435997394163,13564.0
21289,1435997394181,13692.0
21290,1435997394201,13692.0
21291,1435997394219,13146.0
21292,1435997394240,13146.0
21293,1435997394263,13230.0
21294,1435997394282,13043.0
21295,1435997394302,13303.0
21296,1435997394323,13763.0
21297,1435997394346,13763.0
21298,1435997394362,13847.0
21299,1435997394381,13847.0
21300,1435997394401,13698.0
21301,1435997394422,13698.0
21302,1435997394443,5925.0
21303,1435997394462,5925.0
21304,1435997394481,1404.0
21305,1435997394500,833.0
21306,1435997394523,833.0
21307,1435997394543,832.0
21308,1435997394563,832.0
21309,1435997394584,829.0
21310,1435997394601,829.0
21311,1435997394622,819.0
21312,1435997394681,819.0
21313,1435997394693,807.0
21314,1435997394694,807.0
21315,1435997394702,804.0
21316,1435997394720,804.0
21317,1435997394745,804.0
21318,1435997394761,812.0
21319,1435997394780,812.0
21320,1435997394800,799.0
21321,1435997394821,799.0
21322,1435997394842,784.0
21323,1435997394861,784.0
21324,1435997394880,772.0
21325,1435997394904,772.0
21326,1435997394924,771.0
21327,1435997394942,791.0
21328,1435997394962,791.0
21329,1435997394980,769.0
21330,1435997395001,769.0
21331,1435997395023,765.0
21332,1435997395043,765.0
21333,1435997395063,758.0
21334,1435997395082,758.0
21335,1435997395101,755.0
21336,1435997395125,755.0
21337,1435997395144,749.0
21338,1435997395162,765.0
21339,1435997395181,765.0
21340,1435997395200,761.0
21341,1435997395221,761.0
21342,1435997395243,756.0
21343,1435997395263,756.0
21344,1435997395281,767.0
21345,1435997395304,767.0
21346,1435997395324,779.0
21347,1435997395341,765.0
21348,1435997395363,765.0
21349,1435997395442,734.0
21350,1435997395443,734.0
21351,1435997395444,741.0
21352,1435997395445,741.0
21353,1435997395462,706.0
21354,1435997395486,706.0
21355,1435997395500,703.0
21356,1435997395521,703.0
21357,1435997395544,722.0
21358,1435997395562,685.0
21359,1435997395582,685.0
21360,1435997395601,689.0
21361,1435997395627,689.0
21362,1435997395642,699.0
21363,1435997395663,699.0
21364,1435997395685,700.0
21365,1435997395703,700.0
21366,1435997395723,702.0
21367,1435997395741,702.0
21368,1435997395762,690.0
21369,1435997395783,694.0
21370,1435997395804,694.0
21371,1435997395823,709.0
21372,1435997395844,709.0
21373,1435997395864,716.0
21374,1435997395883,716.0
21375,1435997395903,713.0
21376,1435997395921,713.0
21377,1435997395945,681.0
21378,1435997395961,681.0
21379,1435997395981,679.0
21380,1435997396004,673.0
21381,1435997396025,673.0
21382,1435997396044,673.0
21383,1435997396064,673.0
21384,1435997396082,692.0
21385,1435997396103,692.0
21386,1435997396150,689.0
21387,1435997396151,689.0
21388,1435997396175,692.0
21389,1435997396182,692.0
21390,1435997396201,678.0
21391,1435997396224,692.0
21392,1435997396241,692.0
21393,1435997396261,711.0
21394,1435997396283,711.0
21395,1435997396302,704.0
21396,1435997396325,704.0
21397,1435997396344,709.0
21398,1435997396375,709.0
21399,1435997396403,706.0
21400,1435997396404,697.0
21401,1435997396421,697.0
21402,1435997396441,686.0
21403,1435997396461,686.0
21404,1435997396481,658.0
21405,1435997396503,658.0
21406,1435997396522,675.0
21407,1435997396541,675.0
21408,1435997396562,655.0
21409,1435997396582,655.0
21410,1435997396602,635.0
21411,1435997396623,638.0
21412,1435997396642,638.0
21413,1435997396662,656.0
21414,1435997396682,656.0
21415,1435997396700,669.0
21416,1435997396723,669.0
21417,1435997396744,665.0
21418,1435997396762,665.0
21419,1435997396781,648.0
21420,1435997396802,648.0
21421,1435997396826,636.0
21422,1435997396846,635.0
21423,1435997396860,635.0
21424,1435997396883,653.0
21425,1435997396903,653.0
21426,1435997396921,642.0
21427,1435997396942,642.0
21428,1435997396961,626.0
21429,1435997396986,626.0
21430,1435997397006,609.0
21431,1435997397023,609.0
21432,1435997397041,625.0
21433,1435997397061,635.0
21434,1435997397086,635.0
21435,1435997397106,637.0
21436,1435997397126,637.0
21437,1435997397146,631.0
21438,1435997397162,631.0
21439,1435997397182,634.0
21440,1435997397204,634.0
21441,1435997397224,631.0
21442,1435997397245,631.0
21443,1435997397266,634.0
21444,1435997397286,645.0
21445,1435997397305,645.0
21446,1435997397327,629.0
21447,1435997397347,629.0
21448,1435997397365,630.0
21449,1435997397385,630.0
21450,1435997397429,637.0
21451,1435997397430,637.0
21452,1435997397447,619.0
21453,1435997397503,619.0
21454,1435997397504,593.0
21455,1435997397505,591.0
21456,1435997397530,591.0
21457,1435997397542,603.0
21458,1435997397563,603.0
21459,1435997397584,587.0
21460,1435997397603,587.0
21461,1435997397623,598.0
21462,1435997397645,598.0
21463,1435997397663,613.0
21464,1435997397684,601.0
21465,1435997397709,601.0
21466,1435997397726,593.0
21467,1435997397747,593.0
21468,1435997397765,606.0
21469,1435997397785,606.0
21470,1435997397802,614.0
21471,1435997397825,614.0
21472,1435997397845,611.0
21473,1435997397867,611.0
21474,1435997397885,608.0
21475,1435997397904,617.0
21476,1435997397926,617.0
21477,1435997397943,594.0
21478,1435997397965,594.0
21479,1435997397986,587.0
21480,1435997398007,587.0
21481,1435997398027,585.0
21482,1435997398046,585.0
21483,1435997398066,597.0
21484,1435997398084,597.0
21485,1435997398103,576.0
21486,1435997398125,580.0
21487,1435997398148,580.0
21488,1435997398168,583.0
21489,1435997398186,583.0
21490,1435997398205,586.0
21491,1435997398284,586.0
21492,1435997398285,589.0
21493,1435997398286,589.0
21494,1435997398287,588.0
21495,1435997398306,588.0
21496,1435997398328,583.0
21497,1435997398344,588.0
21498,1435997398376,588.0
21499,1435997398385,591.0
21500,1435997398404,591.0
21501,1435997398424,584.0
21502,1435997398445,584.0
21503,1435997398464,577.0
21504,1435997398486,577.0
21505,1435997398507,569.0
21506,1435997398527,569.0
21507,1435997398544,555.0
21508,1435997398566,544.0
21509,1435997398590,544.0
21510,1435997398606,554.0
21511,1435997398628,554.0
21512,1435997398646,552.0
21513,1435997398663,552.0
21514,1435997398683,558.0
21515,1435997398703,558.0
21516,1435997398726,563.0
21517,1435997398746,555.0
21518,1435997398767,555.0
21519,1435997398786,567.0
21520,1435997398808,567.0
21521,1435997398829,575.0
21522,1435997398847,575.0
21523,1435997398866,570.0
21524,1435997398885,570.0
21525,1435997398904,564.0
21526,1435997398933,564.0
21527,1435997398944,568.0
21528,1435997399015,545.0
21529,1435997399016,545.0
21530,1435997399017,545.0
21531,1435997399068,545.0
21532,1435997399069,550.0
21533,1435997399070,550.0
21534,1435997399084,558.0
21535,1435997399107,558.0
21536,1435997399125,554.0
21537,1435997399144,554.0
21538,1435997399164,553.0
21539,1435997399185,550.0
21540,1435997399205,550.0
21541,1435997399233,553.0
21542,1435997399246,553.0
21543,1435997399267,555.0
21544,1435997399285,555.0
21545,1435997399304,552.0
21546,1435997399324,552.0
21547,1435997399345,556.0
21548,1435997399366,556.0
21549,1435997399386,558.0
21550,1435997399408,557.0
21551,1435997399425,557.0
21552,1435997399448,542.0
21553,1435997399467,542.0
21554,1435997399487,530.0
21555,1435997399506,530.0
21556,1435997399527,525.0
21557,1435997399544,525.0
21558,1435997399565,525.0
21559,1435997399595,525.0
21560,1435997399614,524.0
21561,1435997399629,521.0
21562,1435997399648,521.0
21563,1435997399667,527.0
21564,1435997399687,527.0
21565,1435997399707,526.0
21566,1435997399734,526.0
21567,1435997399807,526.0
21568,1435997399808,526.0
21569,1435997399809,517.0
21570,1435997399810,521.0
21571,1435997399825,521.0
21572,1435997399845,518.0
21573,1435997399865,518.0
21574,1435997399885,526.0
21575,1435997399909,526.0
21576,1435997399939,545.0
21577,1435997399947,545.0
21578,1435997399973,547.0
21579,1435997399986,547.0
21580,1435997400006,542.0
21581,1435997400027,545.0
21582,1435997400047,545.0
21583,1435997400066,555.0
21584,1435997400085,555.0
21585,1435997400105,533.0
21586,1435997400125,533.0
21587,1435997400147,542.0
21588,1435997400167,542.0
21589,1435997400188,556.0
21590,1435997400212,556.0
21591,1435997400228,583.0
21592,1435997400251,612.0
21593,1435997400270,612.0
21594,1435997400286,569.0
21595,1435997400305,569.0
21596,1435997400325,572.0
21597,1435997400345,572.0
21598,1435997400365,577.0
21599,1435997400385,577.0
21600,1435997400406,567.0
21601,1435997400426,567.0
21602,1435997400445,533.0
21603,1435997400471,537.0
21604,1435997400560,537.0
21605,1435997400561,525.0
21606,1435997400568,525.0
21607,1435997400569,514.0
21608,1435997400570,514.0
21609,1435997400588,525.0
21610,1435997400606,525.0
21611,1435997400627,535.0
21612,1435997400646,535.0
21613,1435997400666,542.0
21614,1435997400693,569.0
21615,1435997400706,569.0
21616,1435997400727,673.0
21617,1435997400771,673.0
21618,1435997400778,872.0
21619,1435997400876,872.0
21620,1435997400877,1202.0
21621,1435997400878,1202.0
21622,1435997400879,1702.0
21623,1435997400880,2294.0
21624,1435997400886,2294.0
21625,1435997400906,5777.0
21626,1435997400932,5777.0
21627,1435997400953,7194.0
21628,1435997400966,7194.0
21629,1435997400986,9617.0
21630,1435997401006,9617.0
21631,1435997401034,10416.0
21632,1435997401048,10416.0
21633,1435997401074,11096.0
21634,1435997401088,12395.0
21635,1435997401108,12395.0
21636,1435997401127,12530.0
21637,1435997401146,12530.0
21638,1435997401166,12200.0
21639,1435997401189,12200.0
21640,1435997401211,13182.0
21641,1435997401228,13182.0
21642,1435997401248,12996.0
21643,1435997401267,12996.0
21644,1435997401296,13305.0
21645,1435997401361,13463.0
21646,1435997401362,13463.0
21647,1435997401369,13560.0
21648,1435997401370,13560.0
21649,1435997401389,12446.0
21650,1435997401408,12446.0
21651,1435997401427,11589.0
21652,1435997401446,11589.0
21653,1435997401466,12479.0
21654,1435997401487,12479.0
21655,1435997401510,9959.0
21656,1435997401527,7986.0
21657,1435997401547,7986.0
21658,1435997401568,8622.0
21659,1435997401588,8622.0
21660,1435997401607,8797.0
21661,1435997401626,8797.0
21662,1435997401648,9968.0
21663,1435997401667,9968.0
21664,1435997401688,9730.0
21665,1435997401709,9730.0
21666,1435997401727,9926.0
21667,1435997401749,10891.0
21668,1435997401767,10891.0
21669,1435997401787,11116.0
21670,1435997401807,11116.0
21671,1435997401827,7611.0
21672,1435997401847,7611.0
21673,1435997401870,11573.0
21674,1435997401890,11573.0
21675,1435997401911,12235.0
21676,1435997401927,12360.0
21677,1435997401949,12359.0
21678,1435997401968,14168.0
21679,1435997401987,14168.0
21680,1435997402016,12761.0
21681,1435997402078,12761.0
21682,1435997402079,13602.0
21683,1435997402080,13602.0
21684,1435997402096,11538.0
21685,1435997402107,11538.0
21686,1435997402127,11596.0
21687,1435997402148,11817.0
21688,1435997402167,11817.0
21689,1435997402189,12900.0
21690,1435997402208,12900.0
21691,1435997402227,12080.0
21692,1435997402249,12080.0
21693,1435997402269,11823.0
21694,1435997402288,11823.0
21695,1435997402308,12068.0
21696,1435997402328,12068.0
21697,1435997402349,13069.0
21698,1435997402368,14243.0
21699,1435997402387,14243.0
21700,1435997402407,10958.0
21701,1435997402427,10958.0
21702,1435997402447,16230.0
21703,1435997402469,16230.0
21704,1435997402488,13369.0
21705,1435997403953,13369.0
21706,1435997403954,14063.0
21707,1435997403955,14063.0
21708,1435997403956,13454.0
21709,1435997403957,14609.0
21710,1435997403958,14609.0
21711,1435997403959,13605.0
21712,1435997403960,13605.0
21713,1435997403961,14210.0
21714,1435997403962,14210.0
21715,1435997403963,0.0
21716,1435997403964,13188.0
21717,1435997403965,13188.0
21718,1435997403966,13668.0
21719,1435997403967,13668.0
21720,1435997403968,13303.0
21721,1435997403969,13303.0
21722,1435997403970,12976.0
21723,1435997403971,12976.0
21724,1435997403972,12879.0
21725,1435997403973,12598.0
21726,1435997403974,13161.0
21727,1435997403975,13163.0
21728,1435997403976,13163.0
21729,1435997403977,13425.0
21730,1435997403978,13425.0
21731,1435997403979,13820.0
21732,1435997403980,13820.0
21733,1435997403981,13620.0
21734,1435997403982,13620.0
21735,1435997403983,14826.0
21736,1435997403984,14781.0
21737,1435997403985,14781.0
21738,1435997403986,0.0
21739,1435997403987,13787.0
21740,1435997403988,13787.0
21741,1435997403989,13164.0
21742,1435997403990,13164.0
21743,1435997403991,13126.0
21744,1435997403992,13126.0
21745,1435997403993,13035.0
21746,1435997403994,13035.0
21747,1435997403995,12110.0
21748,1435997403996,12402.0
21749,1435997403997,12444.0
21750,1435997403998,12995.0
21751,1435997403999,12995.0
21752,1435997404000,12347.0
21753,1435997404001,12347.0
21754,1435997404002,12128.0
21755,1435997404003,12128.0
21756,1435997404004,11796.0
21757,1435997404005,11796.0
21758,1435997404006,11853.0
21759,1435997404007,12636.0
21760,1435997404008,12636.0
21761,1435997404009,13392.0
21762,1435997404010,13392.0
21763,1435997404011,11950.0
21764,1435997404012,11950.0
21765,1435997404013,12571.0
21766,1435997404014,12571.0
21767,1435997404015,12595.0
21768,1435997404016,12595.0
21769,1435997404017,12393.0
21770,1435997404018,13025.0
21771,1435997404019,13025.0
21772,1435997404020,12427.0
21773,1435997404021,12427.0
21774,1435997404022,12619.0
21775,1435997404023,12619.0
21776,1435997404024,12078.0
21777,1435997404025,12078.0
21778,1435997404026,11691.0
21779,1435997404027,11691.0
21780,1435997404028,11596.0
21781,1435997404029,12748.0
21782,1435997404047,12748.0
21783,1435997404067,11508.0
21784,1435997404087,11508.0
21785,1435997404107,11929.0
21786,1435997404127,11929.0
21787,1435997404147,12280.0
21788,1435997404167,12280.0
21789,1435997404187,13169.0
21790,1435997404207,13169.0
21791,1435997404228,11434.0
21792,1435997404249,13001.0
21793,1435997404269,13001.0
21794,1435997404289,12143.0
21795,1435997404308,12143.0
21796,1435997404328,12325.0
21797,1435997404350,12325.0
21798,1435997404371,12772.0
21799,1435997404390,12772.0
21800,1435997404410,13209.0
21801,1435997404429,14388.0
21802,1435997404448,12392.0
21803,1435997404468,12030.0
21804,1435997404491,12030.0
21805,1435997404510,12304.0
21806,1435997404528,12304.0
21807,1435997404551,11952.0
21808,1435997404568,11952.0
21809,1435997404588,12456.0
21810,1435997404610,12456.0
21811,1435997404629,11293.0
21812,1435997404649,11617.0
21813,1435997404673,11617.0
21814,1435997404693,11871.0
21815,1435997404712,11871.0
21816,1435997404746,12505.0
21817,1435997404749,12505.0
21818,1435997404770,12392.0
21819,1435997404790,12392.0
21820,1435997404810,12881.0
21821,1435997404830,12881.0
21822,1435997404851,13383.0
21823,1435997404870,13904.0
21824,1435997404890,13904.0
21825,1435997404910,10896.0
21826,1435997404932,10896.0
21827,1435997404950,3737.0
21828,1435997405015,3737.0
21829,1435997405016,2410.0
21830,1435997405017,2410.0
21831,1435997405030,2118.0
21832,1435997405053,2118.0
21833,1435997405071,1761.0
21834,1435997405091,1528.0
21835,1435997405110,1528.0
21836,1435997405130,1267.0
21837,1435997405150,1267.0
21838,1435997405175,1174.0
21839,1435997405193,1174.0
21840,1435997405209,1118.0
21841,1435997405229,1118.0
21842,1435997405249,1191.0
21843,1435997405269,1191.0
21844,1435997405289,1385.0
21845,1435997405308,1690.0
21846,1435997405328,1690.0
21847,1435997405348,2177.0
21848,1435997405368,2177.0
21849,1435997405389,2940.0
21850,1435997405409,2940.0
21851,1435997405429,6318.0
21852,1435997405449,6318.0
21853,1435997405469,10415.0
21854,1435997405494,10415.0
21855,1435997405514,10572.0
21856,1435997405531,11540.0
21857,1435997405551,11540.0
21858,1435997405574,11663.0
21859,1435997405594,11663.0
21860,1435997405613,12672.0
21861,1435997405631,12672.0
21862,1435997405651,13597.0
21863,1435997405670,13597.0
21864,1435997405694,13920.0
21865,1435997405712,13659.0
21866,1435997405731,13420.0
21867,1435997405832,13917.0
21868,1435997405833,13917.0
21869,1435997405834,12937.0
21870,1435997405835,12937.0
21871,1435997405838,13367.0
21872,1435997405853,13367.0
21873,1435997405873,13349.0
21874,1435997405891,13349.0
21875,1435997405910,12455.0
21876,1435997405931,12978.0
21877,1435997405950,12978.0
21878,1435997405971,11040.0
21879,1435997405991,11040.0
21880,1435997406018,7467.0
21881,1435997406034,7467.0
21882,1435997406053,6016.0
21883,1435997406073,6016.0
21884,1435997406091,6355.0
21885,1435997406112,6355.0
21886,1435997406133,7369.0
21887,1435997406154,8994.0
21888,1435997406174,8994.0
21889,1435997406194,8622.0
21890,1435997406217,8622.0
21891,1435997406231,9262.0
21892,1435997406254,9262.0
21893,1435997406274,9849.0
21894,1435997406295,9849.0
21895,1435997406315,10811.0
21896,1435997406333,10811.0
21897,1435997406352,11711.0
21898,1435997406371,12875.0
21899,1435997406392,12875.0
21900,1435997406415,13341.0
21901,1435997406435,13341.0
21902,1435997406455,13623.0
21903,1435997406473,13623.0
21904,1435997406493,13785.0
21905,1435997406574,13785.0
21906,1435997406575,13121.0
21907,1435997406576,13121.0
21908,1435997406577,12642.0
21909,1435997406592,12956.0
21910,1435997406615,12956.0
21911,1435997406631,13266.0
21912,1435997406651,13266.0
21913,1435997406674,12995.0
21914,1435997406694,12995.0
21915,1435997406714,13028.0
21916,1435997406732,13028.0
21917,1435997406754,11865.0
21918,1435997406775,12034.0
21919,1435997406795,12798.0
21920,1435997406815,12609.0
21921,1435997406835,12609.0
21922,1435997406855,12963.0
21923,1435997406874,12963.0
21924,1435997406892,12817.0
21925,1435997406911,12817.0
21926,1435997406933,12434.0
21927,1435997406956,12434.0
21928,1435997406972,13204.0
21929,1435997406995,13278.0
21930,1435997407017,13278.0
21931,1435997407036,12877.0
21932,1435997407056,12877.0
21933,1435997407075,12633.0
21934,1435997407094,12633.0
21935,1435997407113,12974.0
21936,1435997407131,12974.0
21937,1435997407154,13499.0
21938,1435997407175,13499.0
21939,1435997407196,13097.0
21940,1435997407213,12365.0
21941,1435997407233,12365.0
21942,1435997407288,12885.0
21943,1435997407289,12885.0
21944,1435997407292,13357.0
21945,1435997407313,13357.0
21946,1435997407332,14393.0
21947,1435997407355,14393.0
21948,1435997407374,14132.0
21949,1435997407394,14132.0
21950,1435997407415,13496.0
21951,1435997407441,0.0
21952,1435997407454,13593.0
21953,1435997407482,13593.0
21954,1435997407496,14143.0
21955,1435997407514,14143.0
21956,1435997407532,13675.0
21957,1435997407552,13675.0
21958,1435997407574,12588.0
21959,1435997407592,12588.0
21960,1435997407613,12677.0
21961,1435997407633,12336.0
21962,1435997407653,12629.0
21963,1435997407675,13911.0
21964,1435997407694,13911.0
21965,1435997407711,13428.0
21966,1435997407731,13428.0
21967,1435997407756,13496.0
21968,1435997407773,13496.0
21969,1435997407794,13671.0
21970,1435997407813,13671.0
21971,1435997407832,13923.0
21972,1435997407852,13133.0
21973,1435997407873,13133.0
21974,1435997407896,12770.0
21975,1435997407913,12770.0
21976,1435997407933,12570.0
21977,1435997407951,12570.0
21978,1435997407971,13001.0
21979,1435997408007,13001.0
21980,1435997408012,13962.0
21981,1435997408031,13962.0
21982,1435997408053,13118.0
21983,1435997408073,12907.0
21984,1435997408095,12907.0
21985,1435997408113,13266.0
21986,1435997408132,13266.0
21987,1435997408153,15187.0
21988,1435997408177,15187.0
21989,1435997408196,13286.0
21990,1435997408217,13286.0
21991,1435997408234,12842.0
21992,1435997408254,12842.0
21993,1435997408273,14395.0
21994,1435997408295,13352.0
21995,1435997408317,13352.0
21996,1435997408338,13426.0
21997,1435997408355,13426.0
21998,1435997408376,13681.0
21999,1435997408394,13681.0
22000,1435997408413,13956.0
22001,1435997408434,13956.0
22002,1435997408457,14112.0
22003,1435997408476,14112.0
22004,1435997408497,14623.0
22005,1435997408517,0.0
22006,1435997408534,14365.0
22007,1435997408554,14365.0
22008,1435997408576,14421.0
22009,1435997408641,14421.0
22010,1435997408642,13445.0
22011,1435997408643,13445.0
22012,1435997408656,13377.0
22013,1435997408678,13377.0
22014,1435997408697,13893.0
22015,1435997408713,0.0
22016,1435997408737,14052.0
22017,1435997408755,14052.0
22018,1435997408774,13871.0
22019,1435997408794,13871.0
22020,1435997408815,13223.0
22021,1435997408834,13223.0
22022,1435997408854,13313.0
22023,1435997408876,13313.0
22024,1435997408898,14373.0
22025,1435997408917,0.0
22026,1435997408937,14177.0
22027,1435997408956,14177.0
22028,1435997408975,13887.0
22029,1435997408994,13887.0
22030,1435997409014,15223.0
22031,1435997409043,15223.0
22032,1435997409053,15134.0
22033,1435997409084,15134.0
22034,1435997409096,15025.0
22035,1435997409114,0.0
22036,1435997409134,15250.0
22037,1435997409155,15250.0
22038,1435997409176,13644.0
22039,1435997409196,13644.0
22040,1435997409217,14067.0
22041,1435997409238,14067.0
22042,1435997409258,13646.0
22043,1435997409278,13646.0
22044,1435997409297,13659.0
22045,1435997409380,0.0
22046,1435997409381,13982.0
22047,1435997409385,13982.0
22048,1435997409386,14941.0
22049,1435997409394,14941.0
22050,1435997409421,14958.0
22051,1435997409436,14958.0
22052,1435997409457,15468.0
22053,1435997409476,15468.0
22054,1435997409496,16337.0
22055,1435997409514,0.0
22056,1435997409536,18182.0
22057,1435997409558,18182.0
22058,1435997409604,15098.0
22059,1435997409605,15098.0
22060,1435997409615,15266.0
22061,1435997409636,15266.0
22062,1435997409657,15649.0
22063,1435997409677,15649.0
22064,1435997409696,16182.0
22065,1435997409715,15701.0
22066,1435997409734,14878.0
22067,1435997409754,14550.0
22068,1435997409775,14550.0
22069,1435997409796,13818.0
22070,1435997409818,13818.0
22071,1435997409838,14558.0
22072,1435997409858,14558.0
22073,1435997409877,13926.0
22074,1435997409899,13926.0
22075,1435997409921,14296.0
22076,1435997409935,14630.0
22077,1435997409956,14630.0
22078,1435997409977,14653.0
22079,1435997409997,14653.0
22080,1435997410015,15450.0
22081,1435997410190,15450.0
22082,1435997410191,15172.0
22083,1435997410196,15172.0
22084,1435997410197,15347.0
22085,1435997410198,15347.0
22086,1435997410199,16297.0
22087,1435997410200,14248.0
22088,1435997410201,14248.0
22089,1435997410202,14215.0
22090,1435997410215,14215.0
22091,1435997410239,15552.0
22092,1435997410255,15552.0
22093,1435997410275,14649.0
22094,1435997410304,14649.0
22095,1435997410316,15858.0
22096,1435997410335,15858.0
22097,1435997410364,14252.0
22098,1435997410375,14345.0
22099,1435997410398,14345.0
22100,1435997410420,15186.0
22101,1435997410435,15186.0
22102,1435997410455,16065.0
22103,1435997410475,16065.0
22104,1435997410495,16229.0
22105,1435997410520,16229.0
22106,1435997410535,16391.0
22107,1435997410557,16391.0
22108,1435997410576,20034.0
22109,1435997410595,17597.0
22110,1435997410615,17597.0
22111,1435997410635,16215.0
22112,1435997410655,16215.0
22113,1435997410675,15627.0
22114,1435997410695,15627.0
22115,1435997410714,16010.0
22116,1435997410734,16010.0
22117,1435997410754,14756.0
22118,1435997410775,15440.0
22119,1435997410794,14714.0
22120,1435997410814,14498.0
22121,1435997410834,14498.0
22122,1435997410854,14149.0
22123,1435997410874,14149.0
22124,1435997410894,14619.0
22125,1435997410914,14619.0
22126,1435997410934,14276.0
22127,1435997410954,14276.0
22128,1435997410974,14404.0
22129,1435997410994,14916.0
22130,1435997411014,14916.0
22131,1435997411034,15716.0
22132,1435997411054,15716.0
22133,1435997411077,14816.0
22134,1435997411095,14816.0
22135,1435997411115,16440.0
22136,1435997411137,16440.0
22137,1435997411156,15542.0
22138,1435997411176,15542.0
22139,1435997411197,14236.0
22140,1435997411217,15636.0
22141,1435997411235,15636.0
22142,1435997411256,15618.0
22143,1435997411277,15618.0
22144,1435997411298,14202.0
22145,1435997411316,14202.0
22146,1435997411338,13670.0
22147,1435997411358,13670.0
22148,1435997411377,15766.0
22149,1435997411396,15766.0
22150,1435997411415,12844.0
22151,1435997411436,13845.0
22152,1435997411459,13845.0
22153,1435997411494,14018.0
22154,1435997411506,14018.0
22155,1435997411517,16421.0
22156,1435997411535,16421.0
22157,1435997411555,15505.0
22158,1435997411576,15505.0
22159,1435997411595,12722.0
22160,1435997411617,12722.0
22161,1435997411636,14128.0
22162,1435997411656,14506.0
22163,1435997411675,14506.0
22164,1435997411697,13181.0
22165,1435997411717,13181.0
22166,1435997411738,15791.0
22167,1435997411758,15791.0
22168,1435997411777,15610.0
22169,1435997411799,15610.0
22170,1435997411818,12077.0
22171,1435997411837,12643.0
22172,1435997411857,12031.0
22173,1435997411877,11416.0
22174,1435997411898,11416.0
22175,1435997411918,13120.0
22176,1435997411938,13120.0
22177,1435997411957,9682.0
22178,1435997411978,9682.0
22179,1435997411999,12178.0
22180,1435997412020,12178.0
22181,1435997412041,11419.0
22182,1435997412059,11881.0
22183,1435997412077,11881.0
22184,1435997412097,8724.0
22185,1435997412117,8724.0
22186,1435997412138,8945.0
22187,1435997412221,8945.0
22188,1435997412222,8798.0
22189,1435997412224,8798.0
22190,1435997412225,8455.0
22191,1435997412237,8455.0
22192,1435997412259,8834.0
22193,1435997412277,7888.0
22194,1435997412297,7888.0
22195,1435997412319,6819.0
22196,1435997412337,6819.0
22197,1435997412357,4940.0
22198,1435997412379,4940.0
22199,1435997412397,3629.0
22200,1435997412418,3629.0
22201,1435997412438,3163.0
22202,1435997412458,3163.0
22203,1435997412477,2990.0
22204,1435997412498,2890.0
22205,1435997412518,2890.0
22206,1435997412539,2822.0
22207,1435997412558,2822.0
22208,1435997412583,2809.0
22209,1435997412598,2809.0
22210,1435997412620,2800.0
22211,1435997412645,2800.0
22212,1435997412811,2805.0
22213,1435997412812,2805.0
22214,1435997412813,2859.0
22215,1435997412814,2890.0
22216,1435997412815,2890.0
22217,1435997412816,2936.0
22218,1435997412817,2936.0
22219,1435997412818,2979.0
22220,1435997412925,2979.0
22221,1435997412926,3019.0
22222,1435997412927,3019.0
22223,1435997412928,3064.0
22224,1435997412929,3064.0
22225,1435997412930,2947.0
22226,1435997412943,2905.0
22227,1435997412960,2905.0
22228,1435997412978,2969.0
22229,1435997413000,2969.0
22230,1435997413020,3010.0
22231,1435997413040,3010.0
22232,1435997413059,2912.0
22233,1435997413079,2912.0
22234,1435997413099,2779.0
22235,1435997413123,2734.0
22236,1435997413139,2734.0
22237,1435997413158,2604.0
22238,1435997413178,2604.0
22239,1435997413197,2496.0
22240,1435997413218,2496.0
22241,1435997413239,2463.0
22242,1435997413259,2463.0
22243,1435997413277,2432.0
22244,1435997413298,2432.0
22245,1435997413319,2359.0
22246,1435997413338,2185.0
22247,1435997413358,2185.0
22248,1435997413379,2051.0
22249,1435997413398,2051.0
22250,1435997413418,2071.0
22251,1435997413439,2071.0
22252,1435997413457,1993.0
22253,1435997413477,1993.0
22254,1435997413497,1914.0
22255,1435997413518,1914.0
22256,1435997413540,1926.0
22257,1435997413588,1949.0
22258,1435997413589,1949.0
22259,1435997413598,2050.0
22260,1435997413619,2050.0
22261,1435997413645,2180.0
22262,1435997413663,2180.0
22263,1435997413682,2135.0
22264,1435997413698,2135.0
22265,1435997413719,2087.0
22266,1435997413741,2087.0
22267,1435997413758,2131.0
22268,1435997413779,2168.0
22269,1435997413798,2168.0
22270,1435997413820,2070.0
22271,1435997413838,2070.0
22272,1435997413859,1913.0
22273,1435997413880,1913.0
22274,1435997413901,1882.0
22275,1435997413921,1882.0
22276,1435997413940,1864.0
22277,1435997413962,1864.0
22278,1435997413980,1923.0
22279,1435997413998,2022.0
22280,1435997414019,2022.0
22281,1435997414039,2120.0
22282,1435997414059,2120.0
22283,1435997414079,2170.0
22284,1435997414098,2170.0
22285,1435997414119,2069.0
22286,1435997414142,2069.0
22287,1435997414163,1838.0
22288,1435997414182,1750.0
22289,1435997414199,1750.0
22290,1435997414221,1709.0
22291,1435997414242,1709.0
22292,1435997414261,1712.0
22293,1435997414280,1712.0
22294,1435997414366,1601.0
22295,1435997414367,1601.0
22296,1435997414368,1443.0
22297,1435997414369,1443.0
22298,1435997414411,1557.0
22299,1435997414412,1564.0
22300,1435997414423,1564.0
22301,1435997414439,1505.0
22302,1435997414459,1505.0
22303,1435997414479,1500.0
22304,1435997414512,1500.0
22305,1435997414532,1524.0
22306,1435997414539,1524.0
22307,1435997414559,1696.0
22308,1435997414579,1696.0
22309,1435997414604,1801.0
22310,1435997414623,1853.0
22311,1435997414642,1853.0
22312,1435997414661,1913.0
22313,1435997414679,1913.0
22314,1435997414700,2039.0
22315,1435997414721,2039.0
22316,1435997414742,2043.0
22317,1435997414762,2043.0
22318,1435997414781,1959.0
22319,1435997414800,1959.0
22320,1435997414819,1863.0
22321,1435997414840,1902.0
22322,1435997414860,1902.0
22323,1435997414880,1831.0
22324,1435997414899,1831.0
22325,1435997414920,1787.0
22326,1435997414942,1787.0
22327,1435997414962,1719.0
22328,1435997414979,1719.0
22329,1435997414999,1710.0
22330,1435997415021,1710.0
22331,1435997415041,1732.0
22332,1435997415064,1647.0
22333,1435997415116,1647.0
22334,1435997415119,1569.0
22335,1435997415120,1569.0
22336,1435997415141,1555.0
22337,1435997415160,1555.0
22338,1435997415184,1474.0
22339,1435997415199,1474.0
22340,1435997415220,1408.0
22341,1435997415243,1381.0
22342,1435997415259,1381.0
22343,1435997415285,1448.0
22344,1435997415303,1448.0
22345,1435997415321,1432.0
22346,1435997415340,1432.0
22347,1435997415360,1410.0
22348,1435997415385,1410.0
22349,1435997415403,1445.0
22350,1435997415423,1445.0
22351,1435997415443,1620.0
22352,1435997415464,1750.0
22353,1435997415482,1750.0
22354,1435997415502,1786.0
22355,1435997415520,1786.0
22356,1435997415544,1846.0
22357,1435997415563,1846.0
22358,1435997415585,1879.0
22359,1435997415607,1879.0
22360,1435997415627,1802.0
22361,1435997415644,1802.0
22362,1435997415662,1733.0
22363,1435997415680,1648.0
22364,1435997415700,1648.0
22365,1435997415725,1551.0
22366,1435997415746,1551.0
22367,1435997415766,1500.0
22368,1435997415784,1500.0
22369,1435997415805,1505.0
22370,1435997415882,1505.0
22371,1435997415883,1503.0
22372,1435997415884,1503.0
22373,1435997415885,1455.0
22374,1435997415901,1374.0
22375,1435997415927,1374.0
22376,1435997415940,1284.0
22377,1435997415960,1284.0
22378,1435997415981,1207.0
22379,1435997416001,1207.0
22380,1435997416021,1155.0
22381,1435997416041,1155.0
22382,1435997416060,1096.0
22383,1435997416085,1096.0
22384,1435997416103,1117.0
22385,1435997416123,1119.0
22386,1435997416140,1119.0
22387,1435997416162,1120.0
22388,1435997416182,1120.0
22389,1435997416203,1200.0
22390,1435997416224,1200.0
22391,1435997416243,1348.0
22392,1435997416262,1348.0
22393,1435997416284,1517.0
22394,1435997416303,1673.0
22395,1435997416322,1673.0
22396,1435997416342,1757.0
22397,1435997416360,1757.0
22398,1435997416381,1803.0
22399,1435997416403,1803.0
22400,1435997416427,1767.0
22401,1435997416443,1767.0
22402,1435997416461,1713.0
22403,1435997416482,1713.0
22404,1435997416503,1682.0
22405,1435997416523,1633.0
22406,1435997416542,1633.0
22407,1435997416603,1577.0
22408,1435997416604,1577.0
22409,1435997416605,1573.0
22410,1435997416627,1573.0
22411,1435997416641,1555.0
22412,1435997416667,1555.0
22413,1435997416683,1437.0
22414,1435997416701,1437.0
22415,1435997416725,1386.0
22416,1435997416742,1311.0
22417,1435997416763,1311.0
22418,1435997416783,1348.0
22419,1435997416802,1348.0
22420,1435997416821,1334.0
22421,1435997416844,1334.0
22422,1435997416864,1311.0
22423,1435997416884,1311.0
22424,1435997416904,1312.0
22425,1435997416925,1312.0
22426,1435997416945,1358.0
22427,1435997416963,1526.0
22428,1435997416981,1526.0
22429,1435997417002,1677.0
22430,1435997417023,1677.0
22431,1435997417043,1805.0
22432,1435997417066,1805.0
22433,1435997417086,1861.0
22434,1435997417107,1861.0
22435,1435997417125,1894.0
22436,1435997417144,1894.0
22437,1435997417163,1734.0
22438,1435997417181,1668.0
22439,1435997417205,1668.0
22440,1435997417227,1660.0
22441,1435997417247,1660.0
22442,1435997417265,1673.0
22443,1435997417336,1673.0
22444,1435997417337,1705.0
22445,1435997417338,1705.0
22446,1435997417356,1650.0
22447,1435997417363,1612.0
22448,1435997417384,1612.0
22449,1435997417403,1619.0
22450,1435997417421,1619.0
22451,1435997417443,1578.0
22452,1435997417461,1578.0
22453,1435997417482,1501.0
22454,1435997417507,1501.0
22455,1435997417523,1438.0
22456,1435997417546,1438.0
22457,1435997417566,1493.0
22458,1435997417585,1505.0
22459,1435997417604,1505.0
22460,1435997417623,1511.0
22461,1435997417642,1511.0
22462,1435997417662,1572.0
22463,1435997417683,1572.0
22464,1435997417705,1620.0
22465,1435997417726,1620.0
22466,1435997417743,1784.0
22467,1435997417765,1784.0
22468,1435997417784,2000.0
22469,1435997417804,2226.0
22470,1435997417824,2226.0
22471,1435997417846,2419.0
22472,1435997417862,2419.0
22473,1435997417887,2519.0
22474,1435997417906,2519.0
22475,1435997417926,2449.0
22476,1435997417957,2449.0
22477,1435997418103,2401.0
22478,1435997418104,2401.0
22479,1435997418105,2555.0
22480,1435997418106,2656.0
22481,1435997418107,2656.0
22482,1435997418108,2761.0
22483,1435997418109,2761.0
22484,1435997418110,2935.0
22485,1435997418126,2935.0
22486,1435997418143,3197.0
22487,1435997418163,3197.0
22488,1435997418183,4595.0
22489,1435997418205,4595.0
22490,1435997418223,6420.0
22491,1435997418244,7727.0
22492,1435997418262,7727.0
22493,1435997418283,8885.0
22494,1435997418304,8885.0
22495,1435997418323,9277.0
22496,1435997418343,9277.0
22497,1435997418363,8743.0
22498,1435997418383,8743.0
22499,1435997418404,9232.0
22500,1435997418424,8352.0
22501,1435997418443,10175.0
22502,1435997418467,11366.0
22503,1435997418483,11366.0
22504,1435997418503,11530.0
22505,1435997418529,11530.0
22506,1435997418546,11987.0
22507,1435997418566,11987.0
22508,1435997418584,12746.0
22509,1435997418605,12746.0
22510,1435997418626,13727.0
22511,1435997418646,13839.0
22512,1435997418665,13839.0
22513,1435997418686,14574.0
22514,1435997418704,14574.0
22515,1435997418725,13088.0
22516,1435997418750,13088.0
22517,1435997418763,12404.0
22518,1435997418782,12404.0
22519,1435997418802,12033.0
22520,1435997418828,12033.0
22521,1435997418853,11045.0
22522,1435997418863,11171.0
22523,1435997418884,11171.0
22524,1435997418903,10733.0
22525,1435997418923,10733.0
22526,1435997418942,9748.0
22527,1435997418963,9748.0
22528,1435997418983,8301.0
22529,1435997419004,8301.0
22530,1435997419023,7915.0
22531,1435997419044,7915.0
22532,1435997419062,7916.0
22533,1435997419083,7689.0
22534,1435997419106,7689.0
22535,1435997419123,7450.0
22536,1435997419143,7450.0
22537,1435997419163,7455.0
22538,1435997419183,7455.0
22539,1435997419203,8857.0
22540,1435997419224,8857.0
22541,1435997419244,7484.0
22542,1435997419263,7484.0
22543,1435997419285,7071.0
22544,1435997419303,6657.0
22545,1435997419323,6657.0
22546,1435997419343,5083.0
22547,1435997419362,5083.0
22548,1435997419383,4313.0
22549,1435997419403,4313.0
22550,1435997419423,4471.0
22551,1435997419443,4471.0
22552,1435997419463,3818.0
22553,1435997419483,5472.0
22554,1435997419503,3131.0
22555,1435997419523,3021.0
22556,1435997419544,3021.0
22557,1435997419563,2912.0
22558,1435997419584,2912.0
22559,1435997419604,2808.0
22560,1435997419623,2808.0
22561,1435997419643,2704.0
22562,1435997419663,2704.0
22563,1435997419683,2607.0
22564,1435997419702,2488.0
22565,1435997419722,2488.0
22566,1435997419742,2444.0
22567,1435997419762,2444.0
22568,1435997419784,2371.0
22569,1435997419803,2371.0
22570,1435997419822,2298.0
22571,1435997419842,2298.0
22572,1435997419862,2228.0
22573,1435997419882,2228.0
22574,1435997419903,2098.0
22575,1435997419922,1931.0
22576,1435997419943,1931.0
22577,1435997419963,1793.0
22578,1435997419983,1793.0
22579,1435997420003,1705.0
22580,1435997420023,1705.0
22581,1435997420043,1611.0
22582,1435997420063,1611.0
22583,1435997420083,1508.0
22584,1435997420103,1508.0
22585,1435997420123,1459.0
22586,1435997420143,1505.0
22587,1435997420163,1505.0
22588,1435997420183,1593.0
22589,1435997420204,1593.0
22590,1435997420223,1664.0
22591,1435997420243,1664.0
22592,1435997420263,1771.0
22593,1435997420283,1771.0
22594,1435997420303,1948.0
22595,1435997420327,1948.0
22596,1435997420343,1838.0
22597,1435997420363,1144.0
22598,1435997420383,1144.0
22599,1435997420403,652.0
22600,1435997420423,652.0
22601,1435997420443,489.0
22602,1435997420463,489.0
22603,1435997420483,471.0
22604,1435997420503,471.0
22605,1435997420523,466.0
22606,1435997420543,450.0
22607,1435997420563,450.0
22608,1435997420584,445.0
22609,1435997420607,445.0
22610,1435997420623,437.0
22611,1435997420643,437.0
22612,1435997420663,445.0
22613,1435997420683,445.0
22614,1435997420703,471.0
22615,1435997420723,471.0
22616,1435997420743,511.0
22617,1435997420763,526.0
22618,1435997420784,526.0
22619,1435997420803,536.0
22620,1435997420823,536.0
22621,1435997420843,539.0
22622,1435997420863,539.0
22623,1435997420883,551.0
22624,1435997420903,551.0
22625,1435997420923,545.0
22626,1435997420943,545.0
22627,1435997420963,566.0
22628,1435997420983,583.0
22629,1435997421003,583.0
22630,1435997421023,580.0
22631,1435997421043,580.0
22632,1435997421063,597.0
22633,1435997421083,597.0
22634,1435997421103,609.0
22635,1435997421124,609.0
22636,1435997421144,623.0
22637,1435997421164,623.0
22638,1435997421184,628.0
22639,1435997421204,642.0
22640,1435997421224,642.0
22641,1435997421244,656.0
22642,1435997421264,656.0
22643,1435997421284,658.0
22644,1435997421304,658.0
22645,1435997421324,648.0
22646,1435997421344,648.0
22647,1435997421364,649.0
22648,1435997421384,649.0
22649,1435997421404,664.0
22650,1435997421424,685.0
22651,1435997421444,685.0
22652,1435997421464,679.0
22653,1435997421484,679.0
22654,1435997421504,675.0
22655,1435997421524,675.0
22656,1435997421544,683.0
22657,1435997421564,683.0
22658,1435997421584,693.0
22659,1435997421604,693.0
22660,1435997421624,697.0
22661,1435997421644,709.0
22662,1435997421664,709.0
22663,1435997421691,728.0
22664,1435997421704,728.0
22665,1435997421724,745.0
22666,1435997421744,745.0
22667,1435997421764,763.0
22668,1435997421784,763.0
22669,1435997421804,770.0
22670,1435997421824,793.0
22671,1435997421844,793.0
22672,1435997421864,804.0
22673,1435997421884,804.0
22674,1435997421904,800.0
22675,1435997421924,800.0
22676,1435997421944,799.0
22677,1435997421964,799.0
22678,1435997421988,805.0
22679,1435997422006,805.0
22680,1435997422027,804.0
22681,1435997422046,815.0
22682,1435997422065,815.0
22683,1435997422086,842.0
22684,1435997422107,842.0
22685,1435997422125,867.0
22686,1435997422146,867.0
22687,1435997422168,867.0
22688,1435997422186,867.0
22689,1435997422210,879.0
22690,1435997422227,879.0
22691,1435997422251,895.0
22692,1435997422328,914.0
22693,1435997422329,914.0
22694,1435997422330,1108.0
22695,1435997422331,1108.0
22696,1435997422348,1626.0
22697,1435997422373,1626.0
22698,1435997422386,1732.0
22699,1435997422408,1732.0
22700,1435997422427,1688.0
22701,1435997422447,1688.0
22702,1435997422467,1548.0
22703,1435997422487,1452.0
22704,1435997422507,1452.0
22705,1435997422529,1461.0
22706,1435997422547,1461.0
22707,1435997422571,1448.0
22708,1435997422594,1448.0
22709,1435997422611,1470.0
22710,1435997422629,1470.0
22711,1435997422653,1587.0
22712,1435997422667,1587.0
22713,1435997422687,1722.0
22714,1435997422707,1803.0
22715,1435997422729,1803.0
22716,1435997422747,1922.0
22717,1435997422767,1922.0
22718,1435997422787,1983.0
22719,1435997422807,1983.0
22720,1435997422840,1982.0
22721,1435997422847,1982.0
22722,1435997422867,2083.0
22723,1435997422890,2120.0
22724,1435997422908,2120.0
22725,1435997422927,2154.0
22726,1435997422947,2154.0
22727,1435997422981,2210.0
22728,1435997423030,2210.0
22729,1435997423031,2358.0
22730,1435997423032,2358.0
22731,1435997423056,2462.0
22732,1435997423067,2462.0
22733,1435997423100,2537.0
22734,1435997423108,2599.0
22735,1435997423129,2599.0
22736,1435997423149,2569.0
22737,1435997423169,2569.0
22738,1435997423189,2542.0
22739,1435997423207,2542.0
22740,1435997423228,2578.0
22741,1435997423247,2578.0
22742,1435997423267,2410.0
22743,1435997423288,2410.0
22744,1435997423308,2339.0
22745,1435997423327,2297.0
22746,1435997423347,2297.0
22747,1435997423368,2468.0
22748,1435997423388,2468.0
22749,1435997423409,2537.0
22750,1435997423427,2537.0
22751,1435997423447,2478.0
22752,1435997423468,2478.0
22753,1435997423488,2506.0
22754,1435997423508,2506.0
22755,1435997423527,2627.0
22756,1435997423547,2737.0
22757,1435997423590,2737.0
22758,1435997423591,2769.0
22759,1435997423608,2769.0
22760,1435997423629,2889.0
22761,1435997423649,2889.0
22762,1435997423667,3020.0
22763,1435997423688,3020.0
22764,1435997423759,3088.0
22765,1435997423760,3088.0
22766,1435997423761,3167.0
22767,1435997423769,3173.0
22768,1435997423788,3173.0
22769,1435997423808,3121.0
22770,1435997423828,3121.0
22771,1435997423848,3050.0
22772,1435997423869,3050.0
22773,1435997423889,2975.0
22774,1435997423911,2975.0
22775,1435997423930,2915.0
22776,1435997423949,2864.0
22777,1435997423968,2864.0
22778,1435997423988,2896.0
22779,1435997424009,2896.0
22780,1435997424029,3092.0
22781,1435997424048,3092.0
22782,1435997424068,3147.0
22783,1435997424088,3147.0
22784,1435997424109,3188.0
22785,1435997424129,3188.0
22786,1435997424149,3190.0
22787,1435997424168,3264.0
22788,1435997424188,3264.0
22789,1435997424210,3273.0
22790,1435997424230,3273.0
22791,1435997424250,3152.0
22792,1435997424270,3152.0
22793,1435997424290,3194.0
22794,1435997424319,3194.0
22795,1435997424330,3123.0
22796,1435997424350,3123.0
22797,1435997424369,3088.0
22798,1435997424391,2964.0
22799,1435997424443,2964.0
22800,1435997424534,2779.0
22801,1435997424535,2779.0
22802,1435997424536,2762.0
22803,1435997424537,2762.0
22804,1435997424560,2909.0
22805,1435997424561,2909.0
22806,1435997424562,3033.0
22807,1435997424655,3033.0
22808,1435997424656,3171.0
22809,1435997424657,3236.0
22810,1435997424658,3236.0
22811,1435997424659,3274.0
22812,1435997424684,3274.0
22813,1435997424704,3374.0
22814,1435997424708,3374.0
22815,1435997424758,3200.0
22816,1435997424759,3200.0
22817,1435997424775,3065.0
22818,1435997424788,3065.0
22819,1435997424808,3033.0
22820,1435997424828,3070.0
22821,1435997424848,3070.0
22822,1435997424868,3127.0
22823,1435997424888,3127.0
22824,1435997424908,3057.0
22825,1435997424928,3057.0
22826,1435997424948,3113.0
22827,1435997424968,3113.0
22828,1435997424988,3247.0
22829,1435997425008,3254.0
22830,1435997425028,3254.0
22831,1435997425048,3439.0
22832,1435997425068,3439.0
22833,1435997425088,3479.0
22834,1435997425108,3479.0
22835,1435997425128,3733.0
22836,1435997425148,3733.0
22837,1435997425168,4053.0
22838,1435997425188,4053.0
22839,1435997425208,3737.0
22840,1435997425228,3236.0
22841,1435997425248,3236.0
22842,1435997425271,3151.0
22843,1435997425293,3151.0
22844,1435997425308,3071.0
22845,1435997425328,3071.0
22846,1435997425348,2972.0
22847,1435997425368,2972.0
22848,1435997425388,2841.0
22849,1435997425408,2841.0
22850,1435997425428,2875.0
22851,1435997425448,2944.0
22852,1435997425468,2944.0
22853,1435997425488,3047.0
22854,1435997425508,3047.0
22855,1435997425528,3133.0
22856,1435997425548,3133.0
22857,1435997425568,3300.0
22858,1435997425588,3300.0
22859,1435997425608,3410.0
22860,1435997425628,3410.0
22861,1435997425648,4089.0
22862,1435997425668,3752.0
22863,1435997425688,3752.0
22864,1435997425708,3502.0
22865,1435997425728,3502.0
22866,1435997425748,3735.0
22867,1435997425768,3735.0
22868,1435997425788,4927.0
22869,1435997425808,4927.0
22870,1435997425828,5470.0
22871,1435997425848,5470.0
22872,1435997425868,5668.0
22873,1435997425888,5994.0
22874,1435997425908,5994.0
22875,1435997425928,5912.0
22876,1435997425948,5912.0
22877,1435997425968,6642.0
22878,1435997425988,6642.0
22879,1435997426008,7380.0
22880,1435997426028,7380.0
22881,1435997426048,12845.0
22882,1435997426068,12845.0
22883,1435997426088,12011.0
22884,1435997426108,8086.0
22885,1435997426128,8086.0
22886,1435997426149,6866.0
22887,1435997426168,6866.0
22888,1435997426188,6662.0
22889,1435997426208,6662.0
22890,1435997426228,6502.0
22891,1435997426249,6502.0
22892,1435997426269,6253.0
22893,1435997426289,6343.0
22894,1435997426309,4750.0
22895,1435997426329,4362.0
22896,1435997426349,4362.0
22897,1435997426369,3988.0
22898,1435997426389,3988.0
22899,1435997426409,4200.0
22900,1435997426429,4200.0
22901,1435997426449,4676.0
22902,1435997426469,4676.0
22903,1435997426489,5362.0
22904,1435997426509,3140.0
22905,1435997426529,3140.0
22906,1435997426549,979.0
22907,1435997426569,979.0
22908,1435997426589,833.0
22909,1435997426609,833.0
22910,1435997426629,793.0
22911,1435997426649,793.0
22912,1435997426669,753.0
22913,1435997426689,753.0
22914,1435997426709,727.0
22915,1435997426729,741.0
22916,1435997426749,741.0
22917,1435997426769,730.0
22918,1435997426789,730.0
22919,1435997426809,709.0
22920,1435997426830,709.0
22921,1435997426850,700.0
22922,1435997426870,700.0
22923,1435997426889,695.0
22924,1435997426909,695.0
22925,1435997426929,720.0
22926,1435997426949,722.0
22927,1435997426975,722.0
22928,1435997426989,705.0
22929,1435997427009,705.0
22930,1435997427029,781.0
22931,1435997427049,781.0
22932,1435997427069,898.0
22933,1435997427089,898.0
22934,1435997427109,813.0
22935,1435997427129,813.0
22936,1435997427149,681.0
22937,1435997427169,647.0
22938,1435997427189,647.0
22939,1435997427209,633.0
22940,1435997427229,633.0
22941,1435997427249,627.0
22942,1435997427269,627.0
22943,1435997427289,621.0
22944,1435997427309,621.0
22945,1435997427330,610.0
22946,1435997427349,610.0
22947,1435997427370,610.0
22948,1435997427390,606.0
22949,1435997427410,606.0
22950,1435997427430,599.0
22951,1435997427450,599.0
22952,1435997427470,602.0
22953,1435997427490,602.0
22954,1435997427510,604.0
22955,1435997427530,604.0
22956,1435997427550,602.0
22957,1435997427570,604.0
22958,1435997427590,604.0
22959,1435997427610,586.0
22960,1435997427630,586.0
22961,1435997427650,567.0
22962,1435997427670,567.0
22963,1435997427690,559.0
22964,1435997427710,559.0
22965,1435997427730,565.0
22966,1435997427750,565.0
22967,1435997427770,566.0
22968,1435997427790,569.0
22969,1435997427810,569.0
22970,1435997427830,574.0
22971,1435997427850,574.0
22972,1435997427870,569.0
22973,1435997427890,569.0
22974,1435997427910,578.0
22975,1435997427930,578.0
22976,1435997427950,586.0
22977,1435997427970,586.0
22978,1435997427993,584.0
22979,1435997428012,582.0
22980,1435997428033,582.0
22981,1435997428054,576.0
22982,1435997428073,576.0
22983,1435997428092,562.0
22984,1435997428111,562.0
22985,1435997428135,505.0
22986,1435997428152,505.0
22987,1435997428171,430.0
22988,1435997428194,430.0
22989,1435997428212,525.0
22990,1435997428232,615.0
22991,1435997428252,615.0
22992,1435997428274,622.0
22993,1435997428366,622.0
22994,1435997428367,615.0
22995,1435997428368,615.0
22996,1435997428414,595.0
22997,1435997428415,595.0
22998,1435997428416,578.0
22999,1435997428417,559.0
23000,1435997428440,559.0
23001,1435997428457,553.0
23002,1435997428476,553.0
23003,1435997428493,547.0
23004,1435997428547,547.0
23005,1435997428548,547.0
23006,1435997428552,547.0
23007,1435997428577,557.0
23008,1435997428592,557.0
23009,1435997428612,555.0
23010,1435997428634,543.0
23011,1435997428652,543.0
23012,1435997428675,534.0
23013,1435997428694,534.0
23014,1435997428711,520.0
23015,1435997428732,520.0
23016,1435997428752,503.0
23017,1435997428772,503.0
23018,1435997428794,485.0
23019,1435997428812,485.0
23020,1435997428834,486.0
23021,1435997428854,486.0
23022,1435997428873,486.0
23023,1435997428894,479.0
23024,1435997428916,479.0
23025,1435997428933,474.0
23026,1435997428952,474.0
23027,1435997428972,485.0
23028,1435997428992,485.0
23029,1435997429014,493.0
23030,1435997429034,493.0
23031,1435997429074,497.0
23032,1435997429075,489.0
23033,1435997429092,489.0
23034,1435997429114,497.0
23035,1435997429132,497.0
23036,1435997429152,496.0
23037,1435997429172,496.0
23038,1435997429194,498.0
23039,1435997429212,498.0
23040,1435997429233,497.0
23041,1435997429254,497.0
23042,1435997429274,499.0
23043,1435997429293,495.0
23044,1435997429317,495.0
23045,1435997429336,491.0
23046,1435997429354,491.0
23047,1435997429374,487.0
23048,1435997429393,487.0
23049,1435997429414,477.0
23050,1435997429436,477.0
23051,1435997429454,472.0
23052,1435997429476,468.0
23053,1435997429494,468.0
23054,1435997429514,461.0
23055,1435997429535,461.0
23056,1435997429557,458.0
23057,1435997429573,458.0
23058,1435997429594,454.0
23059,1435997429613,454.0
23060,1435997429634,453.0
23061,1435997429654,453.0
23062,1435997429675,456.0
23063,1435997429704,456.0
23064,1435997429777,456.0
23065,1435997429778,458.0
23066,1435997429779,458.0
23067,1435997429780,465.0
23068,1435997429794,465.0
23069,1435997429818,442.0
23070,1435997429834,442.0
23071,1435997429856,431.0
23072,1435997429884,431.0
23073,1435997429897,435.0
23074,1435997429915,452.0
23075,1435997429937,452.0
23076,1435997429966,466.0
23077,1435997429975,466.0
23078,1435997429996,454.0
23079,1435997430018,454.0
23080,1435997430037,446.0
23081,1435997430056,446.0
23082,1435997430078,439.0
23083,1435997430099,439.0
23084,1435997430117,440.0
23085,1435997430135,445.0
23086,1435997430154,445.0
23087,1435997430174,441.0
23088,1435997430195,441.0
23089,1435997430216,429.0
23090,1435997430236,429.0
23091,1435997430261,412.0
23092,1435997430301,412.0
23093,1435997430302,400.0
23094,1435997430314,400.0
23095,1435997430337,397.0
23096,1435997430358,395.0
23097,1435997430376,395.0
23098,1435997430395,396.0
23099,1435997430427,396.0
23100,1435997430435,392.0
23101,1435997430463,392.0
23102,1435997430481,399.0
23103,1435997430520,399.0
23104,1435997430521,403.0
23105,1435997430607,401.0
23106,1435997430608,401.0
23107,1435997430609,411.0
23108,1435997430610,411.0
23109,1435997430638,430.0
23110,1435997430639,430.0
23111,1435997430654,438.0
23112,1435997430675,438.0
23113,1435997430694,436.0
23114,1435997430713,436.0
23115,1435997430734,424.0
23116,1435997430754,458.0
23117,1435997430773,458.0
23118,1435997430795,464.0
23119,1435997430813,464.0
23120,1435997430833,474.0
23121,1435997430853,474.0
23122,1435997430874,478.0
23123,1435997430894,478.0
23124,1435997430913,453.0
23125,1435997430933,453.0
23126,1435997430954,446.0
23127,1435997430973,446.0
23128,1435997430994,446.0
23129,1435997431014,445.0
23130,1435997431033,445.0
23131,1435997431054,456.0
23132,1435997431073,456.0
23133,1435997431094,467.0
23134,1435997431114,467.0
23135,1435997431134,464.0
23136,1435997431154,464.0
23137,1435997431176,454.0
23138,1435997431193,457.0
23139,1435997431214,457.0
23140,1435997431234,462.0
23141,1435997431254,462.0
23142,1435997431274,465.0
23143,1435997431294,465.0
23144,1435997431314,470.0
23145,1435997431334,470.0
23146,1435997431354,468.0
23147,1435997431374,468.0
23148,1435997431394,466.0
23149,1435997431414,454.0
23150,1435997431434,454.0
23151,1435997431454,451.0
23152,1435997431474,451.0
23153,1435997431494,459.0
23154,1435997431514,459.0
23155,1435997431534,453.0
23156,1435997431554,453.0
23157,1435997431575,452.0
23158,1435997431594,447.0
23159,1435997431615,447.0
23160,1435997431634,450.0
23161,1435997431659,450.0
23162,1435997431682,476.0
23163,1435997431694,476.0
23164,1435997431714,490.0
23165,1435997431734,490.0
23166,1435997431754,492.0
23167,1435997431774,492.0
23168,1435997431794,485.0
23169,1435997431814,480.0
23170,1435997431834,480.0
23171,1435997431854,489.0
23172,1435997431874,489.0
23173,1435997431894,490.0
23174,1435997431914,490.0
23175,1435997431934,463.0
23176,1435997431954,463.0
23177,1435997431974,437.0
23178,1435997431994,437.0
23179,1435997432015,441.0
23180,1435997432034,436.0
23181,1435997432054,436.0
23182,1435997432074,422.0
23183,1435997432094,422.0
23184,1435997432114,412.0
23185,1435997432134,412.0
23186,1435997432154,405.0
23187,1435997432175,405.0
23188,1435997432194,404.0
23189,1435997432215,404.0
23190,1435997432235,409.0
23191,1435997432255,410.0
23192,1435997432275,410.0
23193,1435997432295,403.0
23194,1435997432315,403.0
23195,1435997432335,396.0
23196,1435997432356,396.0
23197,1435997432375,394.0
23198,1435997432395,394.0
23199,1435997432416,396.0
23200,1435997432443,396.0
23201,1435997432455,410.0
23202,1435997432475,430.0
23203,1435997432495,430.0
23204,1435997432515,1183.0
23205,1435997432535,1183.0
23206,1435997432555,1730.0
23207,1435997432575,1730.0
23208,1435997432595,1762.0
23209,1435997432615,1762.0
23210,1435997432635,1760.0
23211,1435997432655,1760.0
23212,1435997432675,1741.0
23213,1435997432695,1696.0
23214,1435997432715,1696.0
23215,1435997432735,1535.0
23216,1435997432755,1535.0
23217,1435997432775,1375.0
23218,1435997432795,1375.0
23219,1435997432815,1366.0
23220,1435997432835,1366.0
23221,1435997432855,1226.0
23222,1435997432875,1118.0
23223,1435997432895,1118.0
23224,1435997432916,1051.0
23225,1435997432937,1051.0
23226,1435997432955,1040.0
23227,1435997432976,1040.0
23228,1435997432995,1090.0
23229,1435997433015,1090.0
23230,1435997433035,1356.0
23231,1435997433055,1356.0
23232,1435997433075,1558.0
23233,1435997433095,1675.0
23234,1435997433115,1675.0
23235,1435997433135,1753.0
23236,1435997433156,1753.0
23237,1435997433175,1798.0
23238,1435997433196,1798.0
23239,1435997433216,1791.0
23240,1435997433236,1791.0
23241,1435997433256,1688.0
23242,1435997433279,1688.0
23243,1435997433297,1641.0
23244,1435997433317,1614.0
23245,1435997433337,1614.0
23246,1435997433357,1640.0
23247,1435997433376,1640.0
23248,1435997433399,1649.0
23249,1435997433416,1649.0
23250,1435997433437,1635.0
23251,1435997433457,1635.0
23252,1435997433477,1618.0
23253,1435997433497,1618.0
23254,1435997433518,1610.0
23255,1435997433547,1625.0
23256,1435997433566,1625.0
23257,1435997433597,1700.0
23258,1435997433598,1700.0
23259,1435997433618,1825.0
23260,1435997433636,1825.0
23261,1435997433657,1868.0
23262,1435997433678,1868.0
23263,1435997433697,1714.0
23264,1435997433718,1714.0
23265,1435997433739,1694.0
23266,1435997433760,1607.0
23267,1435997433778,1607.0
23268,1435997433798,1468.0
23269,1435997433818,1468.0
23270,1435997433840,1409.0
23271,1435997433859,1409.0
23272,1435997433877,1392.0
23273,1435997433900,1392.0
23274,1435997433918,1380.0
23275,1435997433939,1482.0
23276,1435997433960,1482.0
23277,1435997433980,1629.0
23278,1435997434000,1629.0
23279,1435997434019,1764.0
23280,1435997434038,1764.0
23281,1435997434058,1866.0
23282,1435997434078,1866.0
23283,1435997434100,1933.0
23284,1435997434121,1933.0
23285,1435997434140,1947.0
23286,1435997434158,1945.0
23287,1435997434192,1945.0
23288,1435997434197,1937.0
23289,1435997434267,1937.0
23290,1435997434268,1871.0
23291,1435997434269,1871.0
23292,1435997434299,1787.0
23293,1435997434300,1787.0
23294,1435997434319,1697.0
23295,1435997434354,1697.0
23296,1435997434358,1622.0
23297,1435997434467,1572.0
23298,1435997434468,1572.0
23299,1435997434469,1551.0
23300,1435997434470,1551.0
23301,1435997434471,1498.0
23302,1435997434486,1498.0
23303,1435997434506,1495.0
23304,1435997434519,1495.0
23305,1435997434539,1408.0
23306,1435997434562,1408.0
23307,1435997434578,1316.0
23308,1435997434598,1345.0
23309,1435997434618,1345.0
23310,1435997434638,1410.0
23311,1435997434658,1410.0
23312,1435997434678,1468.0
23313,1435997434697,1468.0
23314,1435997434717,1438.0
23315,1435997434737,1438.0
23316,1435997434757,1246.0
23317,1435997434777,1246.0
23318,1435997434797,1074.0
23319,1435997434817,1058.0
23320,1435997434837,1058.0
23321,1435997434857,934.0
23322,1435997434877,934.0
23323,1435997434897,773.0
23324,1435997434917,773.0
23325,1435997434937,749.0
23326,1435997434957,749.0
23327,1435997434983,750.0
23328,1435997434997,892.0
23329,1435997435017,892.0
23330,1435997435037,1049.0
23331,1435997435057,1049.0
23332,1435997435077,1179.0
23333,1435997435097,1179.0
23334,1435997435117,1307.0
23335,1435997435137,1307.0
23336,1435997435157,1467.0
23337,1435997435177,1467.0
23338,1435997435197,1546.0
23339,1435997435217,1521.0
23340,1435997435237,1521.0
23341,1435997435257,1442.0
23342,1435997435277,1442.0
23343,1435997435297,1384.0
23344,1435997435317,1384.0
23345,1435997435337,1457.0
23346,1435997435357,1457.0
23347,1435997435377,1551.0
23348,1435997435397,1551.0
23349,1435997435417,1689.0
23350,1435997435437,1821.0
23351,1435997435457,1821.0
23352,1435997435477,2007.0
23353,1435997435497,2007.0
23354,1435997435517,2021.0
23355,1435997435538,2021.0
23356,1435997435558,1979.0
23357,1435997435578,1979.0
23358,1435997435598,2006.0
23359,1435997435618,2006.0
23360,1435997435638,2102.0
23361,1435997435658,2200.0
23362,1435997435678,2200.0
23363,1435997435698,2189.0
23364,1435997435718,2189.0
23365,1435997435738,2154.0
23366,1435997435758,2154.0
23367,1435997435778,2336.0
23368,1435997435798,2336.0
23369,1435997435818,2500.0
23370,1435997435838,2500.0
23371,1435997435858,2576.0
23372,1435997435878,2696.0
23373,1435997435898,2696.0
23374,1435997435918,2928.0
23375,1435997435938,2928.0
23376,1435997435958,3229.0
23377,1435997435978,3229.0
23378,1435997435998,4017.0
23379,1435997436018,4017.0
23380,1435997436038,4003.0
23381,1435997436058,21886.0
23382,1435997436078,1504.0
23383,1435997436098,282.0
23384,1435997436118,282.0
23385,1435997436138,263.0
23386,1435997436158,263.0
23387,1435997436178,245.0
23388,1435997436198,245.0
23389,1435997436218,224.0
23390,1435997436238,224.0
23391,1435997436258,228.0
23392,1435997436278,231.0
23393,1435997436298,231.0
23394,1435997436321,243.0
23395,1435997436338,243.0
23396,1435997436358,250.0
23397,1435997436378,250.0
23398,1435997436398,240.0
23399,1435997436418,240.0
23400,1435997436439,240.0
23401,1435997436458,240.0
23402,1435997436478,240.0
23403,1435997436498,234.0
23404,1435997436519,234.0
23405,1435997436539,222.0
23406,1435997436559,222.0
23407,1435997436579,218.0
23408,1435997436599,218.0
23409,1435997436619,211.0
23410,1435997436639,211.0
23411,1435997436659,194.0
23412,1435997436679,194.0
23413,1435997436699,197.0
23414,1435997436719,194.0
23415,1435997436739,194.0
23416,1435997436759,194.0
23417,1435997436779,194.0
23418,1435997436799,210.0
23419,1435997436819,210.0
23420,1435997436839,210.0
23421,1435997436859,210.0
23422,1435997436879,207.0
23423,1435997436899,207.0
23424,1435997436919,214.0
23425,1435997436939,227.0
23426,1435997436959,227.0
23427,1435997436979,237.0
23428,1435997436999,237.0
23429,1435997437019,248.0
23430,1435997437040,248.0
23431,1435997437059,255.0
23432,1435997437079,255.0
23433,1435997437099,232.0
23434,1435997437119,232.0
23435,1435997437139,238.0
23436,1435997437159,222.0
23437,1435997437179,222.0
23438,1435997437200,217.0
23439,1435997437229,217.0
23440,1435997437239,216.0
23441,1435997437259,216.0
23442,1435997437279,228.0
23443,1435997437299,228.0
23444,1435997437319,236.0
23445,1435997437339,237.0
23446,1435997437359,237.0
23447,1435997437379,244.0
23448,1435997437400,244.0
23449,1435997437420,246.0
23450,1435997437440,246.0
23451,1435997437460,243.0
23452,1435997437480,243.0
23453,1435997437500,247.0
23454,1435997437520,247.0
23455,1435997437540,248.0
23456,1435997437560,257.0
23457,1435997437580,257.0
23458,1435997437600,248.0
23459,1435997437620,248.0
23460,1435997437640,250.0
23461,1435997437660,250.0
23462,1435997437680,260.0
23463,1435997437700,260.0
23464,1435997437720,257.0
23465,1435997437740,257.0
23466,1435997437760,259.0
23467,1435997437780,264.0
23468,1435997437800,264.0
23469,1435997437820,268.0
23470,1435997437840,268.0
23471,1435997437860,269.0
23472,1435997437880,269.0
23473,1435997437900,280.0
23474,1435997437920,280.0
23475,1435997437940,293.0
23476,1435997437960,293.0
23477,1435997437980,294.0
23478,1435997438002,294.0
23479,1435997438020,294.0
23480,1435997438040,298.0
23481,1435997438060,298.0
23482,1435997438080,283.0
23483,1435997438100,283.0
23484,1435997438120,274.0
23485,1435997438140,274.0
23486,1435997438160,271.0
23487,1435997438180,271.0
23488,1435997438200,280.0
23489,1435997438220,285.0
23490,1435997438240,285.0
23491,1435997438260,280.0
23492,1435997438282,280.0
23493,1435997438303,285.0
23494,1435997438322,285.0
23495,1435997438343,283.0
23496,1435997438364,283.0
23497,1435997438385,290.0
23498,1435997438403,283.0
23499,1435997438422,283.0
23500,1435997438441,283.0
23501,1435997438461,283.0
23502,1435997438482,284.0
23503,1435997438503,284.0
23504,1435997438535,275.0
23505,1435997438541,275.0
23506,1435997438562,278.0
23507,1435997438581,278.0
23508,1435997438602,282.0
23509,1435997438621,272.0
23510,1435997438641,272.0
23511,1435997438661,269.0
23512,1435997438681,269.0
23513,1435997438701,266.0
23514,1435997438721,266.0
23515,1435997438741,268.0
23516,1435997438761,268.0
23517,1435997438781,267.0
23518,1435997438801,267.0
23519,1435997438821,267.0
23520,1435997438841,271.0
23521,1435997438861,271.0
23522,1435997438881,274.0
23523,1435997438901,274.0
23524,1435997438921,277.0
23525,1435997438942,277.0
23526,1435997438961,281.0
23527,1435997438984,281.0
23528,1435997439005,284.0
23529,1435997439026,284.0
23530,1435997439045,286.0
23531,1435997439064,285.0
23532,1435997439081,285.0
23533,1435997439102,272.0
23534,1435997439122,272.0
23535,1435997439142,279.0
23536,1435997439162,279.0
23537,1435997439183,278.0
23538,1435997439225,278.0
23539,1435997439226,277.0
23540,1435997439245,277.0
23541,1435997439263,283.0
23542,1435997439282,276.0
23543,1435997439302,276.0
23544,1435997439324,278.0
23545,1435997439342,278.0
23546,1435997439362,281.0
23547,1435997439382,281.0
23548,1435997439403,283.0
23549,1435997439426,283.0
23550,1435997439443,295.0
23551,1435997439466,291.0
23552,1435997439484,291.0
23553,1435997439503,295.0
23554,1435997439523,295.0
23555,1435997439544,283.0
23556,1435997439567,283.0
23557,1435997439587,278.0
23558,1435997439607,278.0
23559,1435997439625,277.0
23560,1435997439647,277.0
23561,1435997439667,274.0
23562,1435997439685,281.0
23563,1435997439704,281.0
23564,1435997439726,291.0
23565,1435997439745,291.0
23566,1435997439766,289.0
23567,1435997439785,289.0
23568,1435997439803,299.0
23569,1435997439825,299.0
23570,1435997439844,302.0
23571,1435997439933,302.0
23572,1435997439934,306.0
23573,1435997439935,311.0
23574,1435997439938,311.0
23575,1435997439953,313.0
23576,1435997439963,313.0
23577,1435997439984,313.0
23578,1435997440004,313.0
23579,1435997440024,308.0
23580,1435997440045,308.0
23581,1435997440064,310.0
23582,1435997440094,310.0
23583,1435997440104,311.0
23584,1435997440125,314.0
23585,1435997440197,314.0
23586,1435997440198,322.0
23587,1435997440199,322.0
23588,1435997440227,321.0
23589,1435997440228,321.0
23590,1435997440244,322.0
23591,1435997440265,322.0
23592,1435997440284,334.0
23593,1435997440307,334.0
23594,1435997440327,344.0
23595,1435997440349,340.0
23596,1435997440367,340.0
23597,1435997440387,334.0
23598,1435997440406,334.0
23599,1435997440427,336.0
23600,1435997440456,336.0
23601,1435997440464,347.0
23602,1435997440484,347.0
23603,1435997440504,344.0
23604,1435997440524,353.0
23605,1435997440554,353.0
23606,1435997440567,349.0
23607,1435997440596,349.0
23608,1435997440607,346.0
23609,1435997440698,346.0
23610,1435997440699,340.0
23611,1435997440700,340.0
23612,1435997440701,359.0
23613,1435997440709,359.0
23614,1435997440724,367.0
23615,1435997440746,369.0
23616,1435997440782,369.0
23617,1435997440784,374.0
23618,1435997440805,374.0
23619,1435997440840,361.0
23620,1435997440846,361.0
23621,1435997440891,358.0
23622,1435997440892,358.0
23623,1435997440905,363.0
23624,1435997440933,363.0
23625,1435997440945,378.0
23626,1435997440965,369.0
23627,1435997440989,369.0
23628,1435997441009,363.0
23629,1435997441025,363.0
23630,1435997441047,368.0
23631,1435997441067,368.0
23632,1435997441085,385.0
23633,1435997441109,385.0
23634,1435997441128,386.0
23635,1435997441150,386.0
23636,1435997441171,379.0
23637,1435997441185,381.0
23638,1435997441204,381.0
23639,1435997441224,383.0
23640,1435997441244,383.0
23641,1435997441263,394.0
23642,1435997441283,394.0
23643,1435997441303,401.0
23644,1435997441323,401.0
23645,1435997441343,406.0
23646,1435997441363,406.0
23647,1435997441383,417.0
23648,1435997441404,422.0
23649,1435997441424,422.0
23650,1435997441444,424.0
23651,1435997441464,424.0
23652,1435997441484,433.0
23653,1435997441504,433.0
23654,1435997441532,436.0
23655,1435997441543,436.0
23656,1435997441563,438.0
23657,1435997441583,443.0
23658,1435997441603,443.0
23659,1435997441623,440.0
23660,1435997441643,440.0
23661,1435997441663,447.0
23662,1435997441684,447.0
23663,1435997441703,454.0
23664,1435997441723,454.0
23665,1435997441743,458.0
23666,1435997441764,458.0
23667,1435997441784,458.0
23668,1435997441804,462.0
23669,1435997441825,462.0
23670,1435997441844,476.0
23671,1435997441864,476.0
23672,1435997441884,476.0
23673,1435997441904,476.0
23674,1435997441924,489.0
23675,1435997441944,489.0
23676,1435997441964,504.0
23677,1435997441984,504.0
23678,1435997442004,502.0
23679,1435997442028,483.0
23680,1435997442057,483.0
23681,1435997442066,488.0
23682,1435997442091,488.0
23683,1435997442104,497.0
23684,1435997442124,497.0
23685,1435997442144,499.0
23686,1435997442164,499.0
23687,1435997442184,510.0
23688,1435997442204,510.0
23689,1435997442224,522.0
23690,1435997442244,536.0
23691,1435997442264,536.0
23692,1435997442284,571.0
23693,1435997442304,571.0
23694,1435997442324,578.0
23695,1435997442344,578.0
23696,1435997442364,713.0
23697,1435997442384,713.0
23698,1435997442404,2403.0
23699,1435997442424,2403.0
23700,1435997442444,8106.0
23701,1435997442464,10523.0
23702,1435997442484,10523.0
23703,1435997442506,10749.0
23704,1435997442525,10749.0
23705,1435997442545,11078.0
23706,1435997442565,11078.0
23707,1435997442585,10828.0
23708,1435997442607,10828.0
23709,1435997442625,10554.0
23710,1435997442644,10967.0
23711,1435997442665,10420.0
23712,1435997442684,10614.0
23713,1435997442704,10614.0
23714,1435997442724,11348.0
23715,1435997442744,11348.0
23716,1435997442764,11040.0
23717,1435997442784,11040.0
23718,1435997442804,10891.0
23719,1435997442824,10891.0
23720,1435997442845,11690.0
23721,1435997442865,11326.0
23722,1435997442885,11326.0
23723,1435997442905,10507.0
23724,1435997442925,10507.0
23725,1435997442945,10162.0
23726,1435997442965,10162.0
23727,1435997442985,10178.0
23728,1435997443005,10178.0
23729,1435997443025,9670.0
23730,1435997443045,9670.0
23731,1435997443065,9130.0
23732,1435997443085,9840.0
23733,1435997443105,9840.0
23734,1435997443125,10568.0
23735,1435997443145,10568.0
23736,1435997443165,11591.0
23737,1435997443185,11591.0
23738,1435997443205,12513.0
23739,1435997443225,12513.0
23740,1435997443246,12879.0
23741,1435997443265,12879.0
23742,1435997443285,13437.0
23743,1435997443305,14134.0
23744,1435997443325,14134.0
23745,1435997443345,13619.0
23746,1435997443365,13619.0
23747,1435997443386,12991.0
23748,1435997443405,12991.0
23749,1435997443425,13141.0
23750,1435997443445,13141.0
23751,1435997443465,12649.0
23752,1435997443485,12649.0
23753,1435997443505,12732.0
23754,1435997443525,11528.0
23755,1435997443546,11528.0
23756,1435997443565,11928.0
23757,1435997443599,11928.0
23758,1435997443605,12750.0
23759,1435997443627,12750.0
23760,1435997443647,12156.0
23761,1435997443667,12156.0
23762,1435997443687,12030.0
23763,1435997443707,13011.0
23764,1435997443726,11654.0
23765,1435997443757,11493.0
23766,1435997443771,11493.0
23767,1435997443789,11401.0
23768,1435997443806,11401.0
23769,1435997443827,11683.0
23770,1435997443848,11683.0
23771,1435997443867,10693.0
23772,1435997443888,10693.0
23773,1435997443908,10503.0
23774,1435997443928,10695.0
23775,1435997443947,10695.0
23776,1435997443966,10913.0
23777,1435997443987,10913.0
23778,1435997444009,11137.0
23779,1435997444028,11137.0
23780,1435997444048,11449.0
23781,1435997444068,11449.0
23782,1435997444088,11871.0
23783,1435997444107,11871.0
23784,1435997444128,13662.0
23785,1435997444148,13869.0
23786,1435997444168,13869.0
23787,1435997444188,13931.0
23788,1435997444208,13931.0
23789,1435997444227,13481.0
23790,1435997444247,13481.0
23791,1435997444269,12832.0
23792,1435997444288,12832.0
23793,1435997444307,12854.0
23794,1435997444327,12854.0
23795,1435997444348,11738.0
23796,1435997444368,11983.0
23797,1435997444449,11983.0
23798,1435997444450,11709.0
23799,1435997444451,11709.0
23800,1435997444452,12182.0
23801,1435997444471,12182.0
23802,1435997444493,12563.0
23803,1435997444508,12563.0
23804,1435997444529,11873.0
23805,1435997444548,11873.0
23806,1435997444570,12274.0
23807,1435997444588,12430.0
23808,1435997444609,12430.0
23809,1435997444638,12922.0
23810,1435997444649,12922.0
23811,1435997444671,12880.0
23812,1435997444809,12880.0
23813,1435997444810,13163.0
23814,1435997444811,13163.0
23815,1435997444812,13300.0
23816,1435997444813,13300.0
23817,1435997444814,12372.0
23818,1435997444815,12407.0
23819,1435997445286,12407.0
23820,1435997445287,12379.0
23821,1435997445288,12379.0
23822,1435997445289,13117.0
23823,1435997445290,13117.0
23824,1435997445291,14296.0
23825,1435997445292,14296.0
23826,1435997445293,15344.0
23827,1435997445294,16363.0
23828,1435997445295,16363.0
23829,1435997445296,14204.0
23830,1435997445297,14204.0
23831,1435997445298,15530.0
23832,1435997445299,15530.0
23833,1435997445300,0.0
23834,1435997445301,15880.0
23835,1435997445302,15880.0
23836,1435997445303,14159.0
23837,1435997445304,14159.0
23838,1435997445305,13826.0
23839,1435997445306,13826.0
23840,1435997445307,13693.0
23841,1435997445308,13693.0
23842,1435997445309,13512.0
23843,1435997445310,0.0
23844,1435997445327,13403.0
23845,1435997445347,13403.0
23846,1435997445367,13373.0
23847,1435997445387,13373.0
23848,1435997445407,13429.0
23849,1435997445427,13429.0
23850,1435997445448,14366.0
23851,1435997445467,14366.0
23852,1435997445488,14099.0
23853,1435997445507,0.0
23854,1435997445527,13504.0
23855,1435997445547,13504.0
23856,1435997445567,13057.0
23857,1435997445587,13057.0
23858,1435997445607,12597.0
23859,1435997445627,12597.0
23860,1435997445648,12945.0
23861,1435997445668,12945.0
23862,1435997445688,13015.0
23863,1435997445708,12551.0
23864,1435997445728,13463.0
23865,1435997445748,14197.0
23866,1435997445768,14197.0
23867,1435997445789,13313.0
23868,1435997445808,13313.0
23869,1435997445829,16415.0
23870,1435997445848,16415.0
23871,1435997445868,17060.0
23872,1435997445888,17060.0
23873,1435997445909,14307.0
23874,1435997445928,0.0
23875,1435997445948,15556.0
23876,1435997445968,15556.0
23877,1435997445988,14543.0
23878,1435997446008,14543.0
23879,1435997446028,13417.0
23880,1435997446048,13417.0
23881,1435997446068,14067.0
23882,1435997446088,14067.0
23883,1435997446109,15789.0
23884,1435997446128,0.0
23885,1435997446148,15331.0
23886,1435997446168,15331.0
23887,1435997446188,14169.0
23888,1435997446208,14169.0
23889,1435997446228,14188.0
23890,1435997446248,14188.0
23891,1435997446268,16227.0
23892,1435997446288,16227.0
23893,1435997446309,14094.0
23894,1435997446328,0.0
23895,1435997446348,14550.0
23896,1435997446374,14550.0
23897,1435997446388,14505.0
23898,1435997446408,14505.0
23899,1435997446429,13149.0
23900,1435997446449,13149.0
23901,1435997446468,13563.0
23902,1435997446488,13563.0
23903,1435997446509,13394.0
23904,1435997446528,0.0
23905,1435997446548,13138.0
23906,1435997446568,13138.0
23907,1435997446588,13136.0
23908,1435997446608,13136.0
23909,1435997446628,14415.0
23910,1435997446648,14415.0
23911,1435997446668,14875.0
23912,1435997446688,14875.0
23913,1435997446708,13652.0
23914,1435997446728,11883.0
23915,1435997446748,15081.0
23916,1435997446768,13954.0
23917,1435997446789,13954.0
23918,1435997446808,0.0
23919,1435997446828,13313.0
23920,1435997446849,13313.0
23921,1435997446868,13437.0
23922,1435997446888,13437.0
23923,1435997446908,13326.0
23924,1435997446928,13326.0
23925,1435997446949,12850.0
23926,1435997446982,12850.0
23927,1435997446989,13026.0
23928,1435997447010,12336.0
23929,1435997447029,14283.0
23930,1435997447049,16987.0
23931,1435997447069,16987.0
23932,1435997447089,15119.0
23933,1435997447109,15119.0
23934,1435997447129,16409.0
23935,1435997447149,16409.0
23936,1435997447169,15656.0
23937,1435997447189,15656.0
23938,1435997447210,14588.0
23939,1435997447229,0.0
23940,1435997447250,14485.0
23941,1435997447269,14485.0
23942,1435997447289,14770.0
23943,1435997447309,14770.0
23944,1435997447329,14484.0
23945,1435997447350,14484.0
23946,1435997447369,13724.0
23947,1435997447389,13724.0
23948,1435997447409,7140.0
23949,1435997447429,8392.0
23950,1435997447450,6800.0
23951,1435997447469,7249.0
23952,1435997447489,7249.0
23953,1435997447509,7018.0
23954,1435997447539,7018.0
23955,1435997447549,2980.0
23956,1435997447569,2980.0
23957,1435997447589,2777.0
23958,1435997447609,2777.0
23959,1435997447629,2787.0
23960,1435997447649,4250.0
23961,1435997447669,4250.0
23962,1435997447689,9189.0
23963,1435997447709,9189.0
23964,1435997447729,12180.0
23965,1435997447749,12180.0
23966,1435997447769,12109.0
23967,1435997447789,12109.0
23968,1435997447809,11783.0
23969,1435997447829,11783.0
23970,1435997447849,12628.0
23971,1435997447869,13455.0
23972,1435997447889,13455.0
23973,1435997447909,14133.0
23974,1435997447929,14133.0
23975,1435997447950,14561.0
23976,1435997447969,14561.0
23977,1435997447990,15097.0
23978,1435997448010,15097.0
23979,1435997448030,15509.0
23980,1435997448050,15509.0
23981,1435997448070,0.0
23982,1435997448090,14691.0
23983,1435997448113,14691.0
23984,1435997448130,14279.0
23985,1435997448156,14279.0
23986,1435997448171,14354.0
23987,1435997448190,14354.0
23988,1435997448210,13068.0
23989,1435997448230,13068.0
23990,1435997448250,14525.0
23991,1435997448270,15121.0
23992,1435997448290,14207.0
23993,1435997448310,14426.0
23994,1435997448330,14426.0
23995,1435997448350,15512.0
23996,1435997448370,15512.0
23997,1435997448390,18815.0
23998,1435997448411,18815.0
23999,1435997448430,0.0
24000,1435997448450,13600.0
24001,1435997448470,13600.0
24002,1435997448490,12234.0
24003,1435997448512,12234.0
24004,1435997448530,13082.0
24005,1435997448550,13082.0
24006,1435997448570,13151.0
24007,1435997448590,13151.0
24008,1435997448610,12899.0
24009,1435997448630,13263.0
24010,1435997448650,12801.0
24011,1435997448670,13341.0
24012,1435997448690,13341.0
24013,1435997448710,13687.0
24014,1435997448730,13687.0
24015,1435997448750,13818.0
24016,1435997448770,13818.0
24017,1435997448790,13643.0
24018,1435997448810,13643.0
24019,1435997448830,13174.0
24020,1435997448850,15210.0
24021,1435997448870,15210.0
24022,1435997448890,15238.0
24023,1435997448910,15238.0
24024,1435997448930,15703.0
24025,1435997448950,15703.0
24026,1435997448970,14169.0
24027,1435997448990,14169.0
24028,1435997449010,11176.0
24029,1435997449030,11176.0
24030,1435997449050,14013.0
24031,1435997449070,14331.0
24032,1435997449090,14331.0
24033,1435997449110,14303.0
24034,1435997449131,14303.0
24035,1435997449151,13638.0
24036,1435997449171,13638.0
24037,1435997449191,14702.0
24038,1435997449211,14702.0
24039,1435997449231,0.0
24040,1435997449251,13318.0
24041,1435997449271,13318.0
24042,1435997449291,12067.0
24043,1435997449311,12067.0
24044,1435997449331,14255.0
24045,1435997449351,14255.0
24046,1435997449371,13737.0
24047,1435997449391,13737.0
24048,1435997449412,14061.0
24049,1435997449431,0.0
24050,1435997449451,13242.0
24051,1435997449471,13242.0
24052,1435997449491,13428.0
24053,1435997449511,13428.0
24054,1435997449531,12127.0
24055,1435997449551,12127.0
24056,1435997449571,11566.0
24057,1435997449591,11566.0
24058,1435997449611,11957.0
24059,1435997449631,12052.0
24060,1435997449651,11825.0
24061,1435997449671,12444.0
24062,1435997449695,12444.0
24063,1435997449715,12428.0
24064,1435997449734,12428.0
24065,1435997449758,13368.0
24066,1435997449775,13368.0
24067,1435997449793,13693.0
24068,1435997449815,13693.0
24069,1435997449833,13609.0
24070,1435997449937,14178.0
24071,1435997449938,14178.0
24072,1435997449939,13578.0
24073,1435997449940,13578.0
24074,1435997449941,0.0
24075,1435997449956,15416.0
24076,1435997449984,15416.0
24077,1435997449996,13197.0
24078,1435997450014,13197.0
24079,1435997450040,12892.0
24080,1435997450058,12892.0
24081,1435997450076,13425.0
24082,1435997450095,13425.0
24083,1435997450118,13067.0
24084,1435997450135,13070.0
24085,1435997450156,12835.0
24086,1435997450174,12865.0
24087,1435997450200,12865.0
24088,1435997450218,14994.0
24089,1435997450236,14994.0
24090,1435997450260,14757.0
24091,1435997450277,14757.0
24092,1435997450295,12999.0
24093,1435997450315,12999.0
24094,1435997450337,12495.0
24095,1435997450354,12927.0
24096,1435997450374,12927.0
24097,1435997450396,13195.0
24098,1435997450414,13195.0
24099,1435997450435,11785.0
24100,1435997450458,11785.0
24101,1435997450477,11602.0
24102,1435997450499,11602.0
24103,1435997450518,13528.0
24104,1435997450535,13528.0
24105,1435997450555,12039.0
24106,1435997450576,13179.0
24107,1435997450594,13179.0
24108,1435997450668,14128.0
24109,1435997450669,14128.0
24110,1435997450670,12927.0
24111,1435997450688,12927.0
24112,1435997450697,12800.0
24113,1435997450714,12800.0
24114,1435997450739,12718.0
24115,1435997450754,12718.0
24116,1435997450775,11678.0
24117,1435997450795,11623.0
24118,1435997450814,11623.0
24119,1435997450841,11670.0
24120,1435997450859,11670.0
24121,1435997450895,11165.0
24122,1435997450896,11165.0
24123,1435997450914,11918.0
24124,1435997450935,11918.0
24125,1435997450963,13713.0
24126,1435997450977,13713.0
24127,1435997450995,12563.0
24128,1435997451014,13519.0
24129,1435997451035,13519.0
24130,1435997451054,12985.0
24131,1435997451075,12985.0
24132,1435997451096,13358.0
24133,1435997451115,13358.0
24134,1435997451140,12143.0
24135,1435997451160,12143.0
24136,1435997451180,13179.0
24137,1435997451197,14906.0
24138,1435997451215,12112.0
24139,1435997451233,11390.0
24140,1435997451255,11390.0
24141,1435997451278,11605.0
24142,1435997451298,11605.0
24143,1435997451318,11143.0
24144,1435997451335,11143.0
24145,1435997451357,11501.0
24146,1435997451386,11501.0
24147,1435997451403,11932.0
24148,1435997451415,12788.0
24149,1435997451433,12788.0
24150,1435997451455,12963.0
24151,1435997451474,12963.0
24152,1435997451495,13213.0
24153,1435997451514,13213.0
24154,1435997451534,13441.0
24155,1435997451554,13441.0
24156,1435997451574,13707.0
24157,1435997451596,13707.0
24158,1435997451613,0.0
24159,1435997451637,12059.0
24160,1435997451657,12059.0
24161,1435997451675,12290.0
24162,1435997451694,12290.0
24163,1435997451715,13047.0
24164,1435997451740,13047.0
24165,1435997451756,11994.0
24166,1435997451779,11994.0
24167,1435997451795,11907.0
24168,1435997451820,11693.0
24169,1435997451837,11991.0
24170,1435997451857,12443.0
24171,1435997451875,12443.0
24172,1435997451894,12390.0
24173,1435997451915,12390.0
24174,1435997451939,12438.0
24175,1435997451955,12438.0
24176,1435997452078,12031.0
24177,1435997452079,12031.0
24178,1435997452080,12849.0
24179,1435997452081,13391.0
24180,1435997452082,13391.0
24181,1435997452083,13912.0
24182,1435997452100,13912.0
24183,1435997452125,11646.0
24184,1435997452135,11646.0
24185,1435997452169,11751.0
24186,1435997452176,11751.0
24187,1435997452196,12372.0
24188,1435997452216,12372.0
24189,1435997452235,11634.0
24190,1435997452255,11995.0
24191,1435997452275,11995.0
24192,1435997452297,11478.0
24193,1435997452316,11478.0
24194,1435997452335,12028.0
24195,1435997452355,12028.0
24196,1435997452376,12551.0
24197,1435997452397,12551.0
24198,1435997452417,11553.0
24199,1435997452440,11553.0
24200,1435997452456,10729.0
24201,1435997452478,11141.0
24202,1435997452498,11141.0
24203,1435997452518,11199.0
24204,1435997452540,11199.0
24205,1435997452559,12059.0
24206,1435997452578,12059.0
24207,1435997452598,12925.0
24208,1435997452618,12925.0
24209,1435997452637,12800.0
24210,1435997452659,12800.0
24211,1435997452679,13128.0
24212,1435997452698,12321.0
24213,1435997452717,12321.0
24214,1435997452791,12766.0
24215,1435997452796,12766.0
24216,1435997452797,12404.0
24217,1435997452798,12404.0
24218,1435997452817,11206.0
24219,1435997452839,11206.0
24220,1435997452856,11097.0
24221,1435997452882,9370.0
24222,1435997452897,11724.0
24223,1435997452918,10817.0
24224,1435997452937,10817.0
24225,1435997452956,11043.0
24226,1435997452977,11043.0
24227,1435997452997,12176.0
24228,1435997453018,12176.0
24229,1435997453037,13770.0
24230,1435997453058,13770.0
24231,1435997453078,15453.0
24232,1435997453098,15032.0
24233,1435997453117,15032.0
24234,1435997453137,13084.0
24235,1435997453156,13084.0
24236,1435997453177,15465.0
24237,1435997453197,15465.0
24238,1435997453217,12910.0
24239,1435997453237,12910.0
24240,1435997453257,12278.0
24241,1435997453276,12278.0
24242,1435997453300,12252.0
24243,1435997453319,12337.0
24244,1435997453336,12337.0
24245,1435997453356,11477.0
24246,1435997453378,11477.0
24247,1435997453396,11239.0
24248,1435997453417,11239.0
24249,1435997453437,11463.0
24250,1435997453456,11463.0
24251,1435997453548,11375.0
24252,1435997453549,11375.0
24253,1435997453550,11492.0
24254,1435997453551,11447.0
24255,1435997453566,11447.0
24256,1435997453581,11471.0
24257,1435997453629,11471.0
24258,1435997453630,13238.0
24259,1435997453638,13238.0
24260,1435997453671,15116.0
24261,1435997453680,15116.0
24262,1435997453698,12308.0
24263,1435997453717,12308.0
24264,1435997453738,11728.0
24265,1435997453758,13924.0
24266,1435997453777,13924.0
24267,1435997453798,12705.0
24268,1435997453818,12705.0
24269,1435997453838,13665.0
24270,1435997453858,13665.0
24271,1435997453876,12396.0
24272,1435997453896,12396.0
24273,1435997453917,12811.0
24274,1435997453938,12811.0
24275,1435997453958,13240.0
24276,1435997453977,14422.0
24277,1435997453998,14422.0
24278,1435997454019,12422.0
24279,1435997454038,12422.0
24280,1435997454057,15099.0
24281,1435997454078,15099.0
24282,1435997454099,12092.0
24283,1435997454119,12092.0
24284,1435997454138,11633.0
24285,1435997454157,12031.0
24286,1435997454177,12369.0
24287,1435997454197,12424.0
24288,1435997454224,12424.0
24289,1435997454298,12353.0
24290,1435997454299,12353.0
24291,1435997454300,13109.0
24292,1435997454301,13109.0
24293,1435997454320,11291.0
24294,1435997454346,11291.0
24295,1435997454357,12091.0
24296,1435997454381,11805.0
24297,1435997454409,11805.0
24298,1435997454421,11963.0
24299,1435997454451,11963.0
24300,1435997454464,11209.0
24301,1435997454495,11209.0
24302,1435997454498,11629.0
24303,1435997454518,11629.0
24304,1435997454540,14008.0
24305,1435997454557,14008.0
24306,1435997454578,12701.0
24307,1435997454597,12416.0
24308,1435997454620,12416.0
24309,1435997454637,14597.0
24310,1435997454665,14597.0
24311,1435997454695,13847.0
24312,1435997454696,13847.0
24313,1435997454749,13978.0
24314,1435997454750,13978.0
24315,1435997454756,12224.0
24316,1435997454778,12224.0
24317,1435997454796,11214.0
24318,1435997454816,10935.0
24319,1435997454836,10935.0
24320,1435997454856,11107.0
24321,1435997454876,11107.0
24322,1435997454896,10645.0
24323,1435997454916,10645.0
24324,1435997454936,10841.0
24325,1435997454957,10841.0
24326,1435997454976,11114.0
24327,1435997454996,11114.0
24328,1435997455016,10523.0
24329,1435997455036,10128.0
24330,1435997455056,10128.0
24331,1435997455077,10520.0
24332,1435997455097,10520.0
24333,1435997455116,11120.0
24334,1435997455139,11120.0
24335,1435997455159,11544.0
24336,1435997455177,11544.0
24337,1435997455198,10750.0
24338,1435997455219,11626.0
24339,1435997455238,9804.0
24340,1435997455262,10779.0
24341,1435997455279,10779.0
24342,1435997455300,11466.0
24343,1435997455319,11466.0
24344,1435997455339,10727.0
24345,1435997455359,10727.0
24346,1435997455377,10422.0
24347,1435997455398,10422.0
24348,1435997455417,10510.0
24349,1435997455439,11529.0
24350,1435997455460,11529.0
24351,1435997455480,11914.0
24352,1435997455499,11914.0
24353,1435997455518,11777.0
24354,1435997455570,11777.0
24355,1435997455571,11192.0
24356,1435997455579,11192.0
24357,1435997455599,11227.0
24358,1435997455618,11227.0
24359,1435997455638,11367.0
24360,1435997455662,13245.0
24361,1435997455680,13245.0
24362,1435997455701,15508.0
24363,1435997455719,15508.0
24364,1435997455738,6895.0
24365,1435997455758,6895.0
24366,1435997455781,1928.0
24367,1435997455802,1928.0
24368,1435997455821,264.0
24369,1435997455841,264.0
24370,1435997455861,138.0
24371,1435997455879,135.0
24372,1435997455899,135.0
24373,1435997455919,126.0
24374,1435997455941,126.0
24375,1435997455962,117.0
24376,1435997455981,117.0
24377,1435997456002,114.0
24378,1435997456020,114.0
24379,1435997456041,105.0
24380,1435997456060,105.0
24381,1435997456082,100.0
24382,1435997456101,98.0
24383,1435997456119,98.0
24384,1435997456140,97.0
24385,1435997456160,97.0
24386,1435997456245,93.0
24387,1435997456246,93.0
24388,1435997456247,93.0
24389,1435997456248,93.0
24390,1435997456265,89.0
24391,1435997456279,90.0
24392,1435997456308,90.0
24393,1435997456320,88.0
24394,1435997456339,88.0
24395,1435997456361,90.0
24396,1435997456379,90.0
24397,1435997456400,90.0
24398,1435997456423,90.0
24399,1435997456440,83.0
24400,1435997456459,83.0
24401,1435997456483,84.0
24402,1435997456501,88.0
24403,1435997456523,88.0
24404,1435997456542,86.0
24405,1435997456561,86.0
24406,1435997456579,82.0
24407,1435997456600,82.0
24408,1435997456623,81.0
24409,1435997456643,81.0
24410,1435997456659,81.0
24411,1435997456681,81.0
24412,1435997456702,83.0
24413,1435997456723,81.0
24414,1435997456742,81.0
24415,1435997456761,78.0
24416,1435997456779,78.0
24417,1435997456800,78.0
24418,1435997456824,78.0
24419,1435997456843,78.0
24420,1435997456863,78.0
24421,1435997456882,81.0
24422,1435997456904,81.0
24423,1435997456926,80.0
24424,1435997456975,79.0
24425,1435997456976,79.0
24426,1435997456980,76.0
24427,1435997457000,76.0
24428,1435997457023,78.0
24429,1435997457043,78.0
24430,1435997457060,77.0
24431,1435997457082,77.0
24432,1435997457102,75.0
24433,1435997457120,75.0
24434,1435997457140,75.0
24435,1435997457161,73.0
24436,1435997457187,73.0
24437,1435997457204,74.0
24438,1435997457223,74.0
24439,1435997457242,71.0
24440,1435997457261,71.0
24441,1435997457280,73.0
24442,1435997457302,73.0
24443,1435997457324,72.0
24444,1435997457343,72.0
24445,1435997457363,71.0
24446,1435997457382,71.0
24447,1435997457401,71.0
24448,1435997457425,71.0
24449,1435997457443,71.0
24450,1435997457461,70.0
24451,1435997457480,70.0
24452,1435997457503,68.0
24453,1435997457525,68.0
24454,1435997457545,70.0
24455,1435997457561,70.0
24456,1435997457582,70.0
24457,1435997457602,68.0
24458,1435997457620,68.0
24459,1435997457643,66.0
24460,1435997457662,66.0
24461,1435997457776,67.0
24462,1435997457777,67.0
24463,1435997457779,66.0
24464,1435997457780,66.0
24465,1435997457781,66.0
24466,1435997457782,68.0
24467,1435997457803,68.0
24468,1435997457820,74.0
24469,1435997457840,74.0
24470,1435997457861,108.0
24471,1435997457883,108.0
24472,1435997457904,944.0
24473,1435997457929,944.0
24474,1435997457941,8718.0
24475,1435997457961,8718.0
24476,1435997457982,1124.0
24477,1435997458003,70.0
24478,1435997458021,70.0
24479,1435997458041,65.0
24480,1435997458064,65.0
24481,1435997458083,62.0
24482,1435997458103,62.0
24483,1435997458124,59.0
24484,1435997458147,59.0
24485,1435997458161,57.0
24486,1435997458183,57.0
24487,1435997458204,58.0
24488,1435997458224,57.0
24489,1435997458244,57.0
24490,1435997458263,57.0
24491,1435997458282,57.0
24492,1435997458301,56.0
24493,1435997458322,56.0
24494,1435997458345,55.0
24495,1435997458365,55.0
24496,1435997458385,55.0
24497,1435997458403,55.0
24498,1435997458423,54.0
24499,1435997458531,51.0
24500,1435997458532,51.0
24501,1435997458533,50.0
24502,1435997458534,50.0
24503,1435997458535,50.0
24504,1435997458552,50.0
24505,1435997458561,49.0
24506,1435997458584,49.0
24507,1435997458602,49.0
24508,1435997458621,48.0
24509,1435997458641,48.0
24510,1435997458661,47.0
24511,1435997458683,47.0
24512,1435997458707,47.0
24513,1435997458723,47.0
24514,1435997458741,46.0
24515,1435997458763,46.0
24516,1435997458783,46.0
24517,1435997458805,46.0
24518,1435997458825,46.0
24519,1435997458844,46.0
24520,1435997458865,46.0
24521,1435997458885,46.0
24522,1435997458903,46.0
24523,1435997458921,46.0
24524,1435997458947,46.0
24525,1435997458965,46.0
24526,1435997458985,46.0
24527,1435997459005,46.0
24528,1435997459024,46.0
24529,1435997459045,46.0
24530,1435997459065,45.0
24531,1435997459084,45.0
24532,1435997459104,44.0
24533,1435997459124,44.0
24534,1435997459143,43.0
24535,1435997459162,43.0
24536,1435997459182,43.0
24537,1435997459212,43.0
24538,1435997459267,42.0
24539,1435997459268,42.0
24540,1435997459269,42.0
24541,1435997459291,42.0
24542,1435997459302,42.0
24543,1435997459323,41.0
24544,1435997459344,41.0
24545,1435997459396,41.0
24546,1435997459397,41.0
24547,1435997459415,41.0
24548,1435997459423,41.0
24549,1435997459444,43.0
24550,1435997459462,43.0
24551,1435997459483,42.0
24552,1435997459503,41.0
24553,1435997459523,41.0
24554,1435997459542,41.0
24555,1435997459563,41.0
24556,1435997459584,41.0
24557,1435997459607,41.0
24558,1435997459625,42.0
24559,1435997459643,42.0
24560,1435997459664,42.0
24561,1435997459685,43.0
24562,1435997459702,43.0
24563,1435997459722,44.0
24564,1435997459743,44.0
24565,1435997459766,44.0
24566,1435997459786,44.0
24567,1435997459807,43.0
24568,1435997459824,43.0
24569,1435997459845,44.0
24570,1435997459863,44.0
24571,1435997459883,44.0
24572,1435997459903,42.0
24573,1435997459925,42.0
24574,1435997459959,41.0
24575,1435997459961,41.0
24576,1435997459984,41.0
24577,1435997460001,41.0
24578,1435997460024,42.0
24579,1435997460044,42.0
24580,1435997460062,41.0
24581,1435997460083,41.0
24582,1435997460107,40.0
24583,1435997460128,41.0
24584,1435997460146,41.0
24585,1435997460164,41.0
24586,1435997460182,41.0
24587,1435997460205,41.0
24588,1435997460223,41.0
24589,1435997460243,43.0
24590,1435997460263,43.0
24591,1435997460285,45.0
24592,1435997460359,45.0
24593,1435997460360,45.0
24594,1435997460361,44.0
24595,1435997460377,44.0
24596,1435997460415,43.0
24597,1435997460416,43.0
24598,1435997460426,43.0
24599,1435997460445,43.0
24600,1435997460467,43.0
24601,1435997460485,43.0
24602,1435997460503,45.0
24603,1435997460525,45.0
24604,1435997460545,48.0
24605,1435997460563,49.0
24606,1435997460615,49.0
24607,1435997460616,47.0
24608,1435997460628,47.0
24609,1435997460647,46.0
24610,1435997460663,46.0
24611,1435997460683,46.0
24612,1435997460702,46.0
24613,1435997460723,49.0
24614,1435997460742,49.0
24615,1435997460763,47.0
24616,1435997460782,45.0
24617,1435997460802,45.0
24618,1435997460824,46.0
24619,1435997460843,46.0
24620,1435997460866,48.0
24621,1435997460886,48.0
24622,1435997460907,50.0
24623,1435997460926,50.0
24624,1435997460946,50.0
24625,1435997460964,50.0
24626,1435997460983,50.0
24627,1435997461004,50.0
24628,1435997461025,50.0
24629,1435997461042,51.0
24630,1435997461064,51.0
24631,1435997461083,50.0
24632,1435997461107,50.0
24633,1435997461127,48.0
24634,1435997461147,48.0
24635,1435997461167,48.0
24636,1435997461185,49.0
24637,1435997461206,49.0
24638,1435997461226,49.0
24639,1435997461245,49.0
24640,1435997461265,48.0
24641,1435997461345,48.0
24642,1435997461346,48.0
24643,1435997461347,48.0
24644,1435997461348,48.0
24645,1435997461366,48.0
24646,1435997461389,48.0
24647,1435997461404,49.0
24648,1435997461427,49.0
24649,1435997461446,53.0
24650,1435997461465,53.0
24651,1435997461485,56.0
24652,1435997461505,56.0
24653,1435997461526,57.0
24654,1435997461546,57.0
24655,1435997461566,56.0
24656,1435997461585,56.0
24657,1435997461608,55.0
24658,1435997461628,51.0
24659,1435997461647,51.0
24660,1435997461667,52.0
24661,1435997461686,52.0
24662,1435997461704,59.0
24663,1435997461726,59.0
24664,1435997461744,62.0
24665,1435997461765,62.0
24666,1435997461786,60.0
24667,1435997461809,60.0
24668,1435997461827,58.0
24669,1435997461849,59.0
24670,1435997461868,59.0
24671,1435997461889,58.0
24672,1435997461906,58.0
24673,1435997461927,55.0
24674,1435997461946,55.0
24675,1435997461966,54.0
24676,1435997461985,54.0
24677,1435997462072,52.0
24678,1435997462076,53.0
24679,1435997462077,53.0
24680,1435997462078,55.0
24681,1435997462085,55.0
24682,1435997462111,59.0
24683,1435997462125,59.0
24684,1435997462144,62.0
24685,1435997462166,62.0
24686,1435997462184,61.0
24687,1435997462206,61.0
24688,1435997462225,60.0
24689,1435997462247,63.0
24690,1435997462265,63.0
24691,1435997462285,63.0
24692,1435997462306,63.0
24693,1435997462327,64.0
24694,1435997462346,64.0
24695,1435997462368,64.0
24696,1435997462389,64.0
24697,1435997462409,64.0
24698,1435997462427,64.0
24699,1435997462447,63.0
24700,1435997462466,62.0
24701,1435997462487,62.0
24702,1435997462505,61.0
24703,1435997462530,61.0
24704,1435997462547,64.0
24705,1435997462576,64.0
24706,1435997462593,67.0
24707,1435997462615,67.0
24708,1435997462625,71.0
24709,1435997462646,71.0
24710,1435997462665,80.0
24711,1435997462686,93.0
24712,1435997462715,93.0
24713,1435997462787,99.0
24714,1435997462788,99.0
24715,1435997462789,99.0
24716,1435997462790,99.0
24717,1435997462806,100.0
24718,1435997462827,100.0
24719,1435997462845,94.0
24720,1435997462865,94.0
24721,1435997462889,97.0
24722,1435997462907,101.0
24723,1435997462928,101.0
24724,1435997462946,111.0
24725,1435997462966,111.0
24726,1435997462986,120.0
24727,1435997463007,120.0
24728,1435997463026,125.0
24729,1435997463048,125.0
24730,1435997463069,131.0
24731,1435997463088,142.0
24732,1435997463107,142.0
24733,1435997463127,146.0
24734,1435997463147,146.0
24735,1435997463167,150.0
24736,1435997463186,150.0
24737,1435997463206,156.0
24738,1435997463226,156.0
24739,1435997463247,163.0
24740,1435997463266,163.0
24741,1435997463287,163.0
24742,1435997463307,169.0
24743,1435997463327,169.0
24744,1435997463346,182.0
24745,1435997463367,182.0
24746,1435997463386,184.0
24747,1435997463406,184.0
24748,1435997463580,180.0
24749,1435997463581,180.0
24750,1435997463582,185.0
24751,1435997463603,185.0
24752,1435997463617,181.0
24753,1435997463618,180.0
24754,1435997463619,180.0
24755,1435997463620,178.0
24756,1435997463639,178.0
24757,1435997463640,174.0
24758,1435997463641,174.0
24759,1435997463690,174.0
24760,1435997463691,174.0
24761,1435997463692,175.0
24762,1435997463757,175.0
24763,1435997463759,173.0
24764,1435997463760,168.0
24765,1435997463768,168.0
24766,1435997463786,165.0
24767,1435997463806,165.0
24768,1435997463828,160.0
24769,1435997463849,160.0
24770,1435997463868,154.0
24771,1435997463887,154.0
24772,1435997463906,151.0
24773,1435997463927,151.0
24774,1435997463947,148.0
24775,1435997463967,144.0
24776,1435997463988,144.0
24777,1435997464011,143.0
24778,1435997464027,143.0
24779,1435997464052,140.0
24780,1435997464068,140.0
24781,1435997464087,140.0
24782,1435997464106,140.0
24783,1435997464127,141.0
24784,1435997464148,141.0
24785,1435997464168,141.0
24786,1435997464187,141.0
24787,1435997464207,141.0
24788,1435997464226,143.0
24789,1435997464248,143.0
24790,1435997464273,144.0
24791,1435997464348,144.0
24792,1435997464349,146.0
24793,1435997464350,146.0
24794,1435997464351,149.0
24795,1435997464367,152.0
24796,1435997464388,152.0
24797,1435997464407,156.0
24798,1435997464428,156.0
24799,1435997464448,155.0
24800,1435997464467,155.0
24801,1435997464488,156.0
24802,1435997464508,156.0
24803,1435997464530,154.0
24804,1435997464547,154.0
24805,1435997464569,152.0
24806,1435997464590,150.0
24807,1435997464610,150.0
24808,1435997464629,147.0
24809,1435997464647,147.0
24810,1435997464668,144.0
24811,1435997464688,144.0
24812,1435997464708,137.0
24813,1435997464728,137.0
24814,1435997464749,125.0
24815,1435997464771,125.0
24816,1435997464791,113.0
24817,1435997464811,100.0
24818,1435997464828,100.0
24819,1435997464848,86.0
24820,1435997464868,86.0
24821,1435997464888,72.0
24822,1435997464910,72.0
24823,1435997464930,60.0
24824,1435997464951,60.0
24825,1435997464970,49.0
24826,1435997464990,49.0
24827,1435997465050,40.0
24828,1435997465051,33.0
24829,1435997465052,33.0
24830,1435997465069,28.0
24831,1435997465089,28.0
24832,1435997465110,24.0
24833,1435997465127,24.0
24834,1435997465149,22.0
24835,1435997465169,22.0
24836,1435997465188,20.0
24837,1435997465209,20.0
24838,1435997465228,20.0
24839,1435997465248,19.0
24840,1435997465269,19.0
24841,1435997465289,18.0
24842,1435997465309,18.0
24843,1435997465328,18.0
24844,1435997465348,18.0
24845,1435997465367,18.0
24846,1435997465388,18.0
24847,1435997465410,17.0
24848,1435997465428,17.0
24849,1435997465450,17.0
24850,1435997465470,17.0
24851,1435997465489,17.0
24852,1435997465508,17.0
24853,1435997465531,17.0
24854,1435997465552,17.0
24855,1435997465570,17.0
24856,1435997465594,17.0
24857,1435997465609,17.0
24858,1435997465631,17.0
24859,1435997465649,17.0
24860,1435997465668,17.0
24861,1435997465688,17.0
24862,1435997465712,17.0
24863,1435997465729,18.0
24864,1435997465802,18.0
24865,1435997465803,19.0
24866,1435997465804,19.0
24867,1435997465812,19.0
24868,1435997465830,19.0
24869,1435997465853,20.0
24870,1435997465868,19.0
24871,1435997465889,19.0
24872,1435997465908,20.0
24873,1435997465950,20.0
24874,1435997465951,20.0
24875,1435997465990,20.0
24876,1435997465991,22.0
24877,1435997466008,22.0
24878,1435997466030,22.0
24879,1435997466051,22.0
24880,1435997466070,22.0
24881,1435997466090,22.0
24882,1435997466111,22.0
24883,1435997466130,22.0
24884,1435997466149,22.0
24885,1435997466169,22.0
24886,1435997466189,22.0
24887,1435997466213,22.0
24888,1435997466230,22.0
24889,1435997466253,22.0
24890,1435997466275,22.0
24891,1435997466295,21.0
24892,1435997466314,20.0
24893,1435997466329,20.0
24894,1435997466349,20.0
24895,1435997466369,20.0
24896,1435997466389,20.0
24897,1435997466409,20.0
24898,1435997466428,19.0
24899,1435997466449,19.0
24900,1435997466471,19.0
24901,1435997466493,19.0
24902,1435997466616,19.0
24903,1435997466621,18.0
24904,1435997466625,18.0
24905,1435997466626,18.0
24906,1435997466627,18.0
24907,1435997466628,17.0
24908,1435997466632,17.0
24909,1435997466656,17.0
24910,1435997466669,17.0
24911,1435997466690,16.0
24912,1435997466716,16.0
24913,1435997466730,16.0
24914,1435997466750,16.0
24915,1435997466770,16.0
24916,1435997466791,15.0
24917,1435997466809,15.0
24918,1435997466829,15.0
24919,1435997466850,15.0
24920,1435997466873,15.0
24921,1435997466892,15.0
24922,1435997466912,15.0
24923,1435997466931,14.0
24924,1435997466953,14.0
24925,1435997466971,14.0
24926,1435997466995,14.0
24927,1435997467012,14.0
24928,1435997467031,14.0
24929,1435997467049,14.0
24930,1435997467070,14.0
24931,1435997467092,14.0
24932,1435997467112,14.0
24933,1435997467133,14.0
24934,1435997467153,13.0
24935,1435997467174,13.0
24936,1435997467192,13.0
24937,1435997467211,13.0
24938,1435997467231,14.0
24939,1435997467259,14.0
24940,1435997467315,14.0
24941,1435997467316,14.0
24942,1435997467317,14.0
24943,1435997467337,14.0
24944,1435997467349,14.0
24945,1435997467371,15.0
24946,1435997467390,15.0
24947,1435997467410,16.0
24948,1435997467430,16.0
24949,1435997467451,16.0
24950,1435997467471,16.0
24951,1435997467492,16.0
24952,1435997467510,16.0
24953,1435997467531,17.0
24954,1435997467553,17.0
24955,1435997467570,17.0
24956,1435997467592,17.0
24957,1435997467615,17.0
24958,1435997467634,17.0
24959,1435997467650,17.0
24960,1435997467671,17.0
24961,1435997467693,17.0
24962,1435997467710,17.0
24963,1435997467819,17.0
24964,1435997467820,17.0
24965,1435997467821,17.0
24966,1435997467822,17.0
24967,1435997467823,17.0
24968,1435997467830,17.0
24969,1435997467850,17.0
24970,1435997467875,17.0
24971,1435997467890,17.0
24972,1435997467913,17.0
24973,1435997467936,16.0
24974,1435997467956,16.0
24975,1435997467976,16.0
24976,1435997467991,15.0
24977,1435997468061,15.0
24978,1435997468062,15.0
24979,1435997468063,15.0
24980,1435997468074,14.0
24981,1435997468093,14.0
24982,1435997468115,14.0
24983,1435997468130,14.0
24984,1435997468150,14.0
24985,1435997468174,14.0
24986,1435997468191,14.0
24987,1435997468211,13.0
24988,1435997468231,13.0
24989,1435997468250,13.0
24990,1435997468273,13.0
24991,1435997468293,13.0
24992,1435997468313,13.0
24993,1435997468333,13.0
24994,1435997468351,13.0
24995,1435997468371,13.0
24996,1435997468390,13.0
24997,1435997468413,13.0
24998,1435997468433,13.0
24999,1435997468451,13.0
25000,1435997468473,13.0
25001,1435997468494,13.0
25002,1435997468513,13.0
25003,1435997468531,13.0
25004,1435997468550,14.0
25005,1435997468571,14.0
25006,1435997468594,14.0
25007,1435997468613,14.0
25008,1435997468633,14.0
25009,1435997468652,14.0
25010,1435997468671,14.0
25011,1435997468691,14.0
25012,1435997468711,14.0
25013,1435997468733,14.0
25014,1435997468783,14.0
25015,1435997468785,14.0
25016,1435997468803,14.0
25017,1435997468811,14.0
25018,1435997468834,14.0
25019,1435997468851,14.0
25020,1435997468871,14.0
25021,1435997468891,14.0
25022,1435997468911,14.0
25023,1435997468935,14.0
25024,1435997468958,15.0
25025,1435997468974,15.0
25026,1435997468991,15.0
25027,1435997469012,15.0
25028,1435997469031,15.0
25029,1435997469054,15.0
25030,1435997469074,15.0
25031,1435997469093,15.0
25032,1435997469114,15.0
25033,1435997469134,15.0
25034,1435997469154,15.0
25035,1435997469176,16.0
25036,1435997469191,16.0
25037,1435997469213,16.0
25038,1435997469233,16.0
25039,1435997469254,16.0
25040,1435997469275,17.0
25041,1435997469309,17.0
25042,1435997469321,17.0
25043,1435997469331,17.0
25044,1435997469351,18.0
25045,1435997469371,18.0
25046,1435997469391,19.0
25047,1435997469417,19.0
25048,1435997469435,20.0
25049,1435997469458,20.0
25050,1435997469520,20.0
25051,1435997469521,21.0
25052,1435997469522,21.0
25053,1435997469538,22.0
25054,1435997469554,22.0
25055,1435997469589,23.0
25056,1435997469592,23.0
25057,1435997469612,24.0
25058,1435997469632,24.0
25059,1435997469654,24.0
25060,1435997469673,24.0
25061,1435997469693,25.0
25062,1435997469714,26.0
25063,1435997469733,26.0
25064,1435997469752,27.0
25065,1435997469773,27.0
25066,1435997469792,27.0
25067,1435997469816,27.0
25068,1435997469835,28.0
25069,1435997469855,28.0
25070,1435997469875,28.0
25071,1435997469896,29.0
25072,1435997469915,29.0
25073,1435997469934,29.0
25074,1435997469954,29.0
25075,1435997469974,29.0
25076,1435997469992,29.0
25077,1435997470014,29.0
25078,1435997470032,29.0
25079,1435997470054,29.0
25080,1435997470076,29.0
25081,1435997470096,29.0
25082,1435997470115,29.0
25083,1435997470135,29.0
25084,1435997470154,28.0
25085,1435997470175,28.0
25086,1435997470194,28.0
25087,1435997470284,28.0
25088,1435997470285,28.0
25089,1435997470286,28.0
25090,1435997470287,27.0
25091,1435997470296,27.0
25092,1435997470315,27.0
25093,1435997470337,27.0
25094,1435997470352,27.0
25095,1435997470375,26.0
25096,1435997470393,26.0
25097,1435997470413,26.0
25098,1435997470444,26.0
25099,1435997470457,26.0
25100,1435997470474,26.0
25101,1435997470505,26.0
25102,1435997470513,26.0
25103,1435997470534,26.0
25104,1435997470553,26.0
25105,1435997470576,26.0
25106,1435997470593,25.0
25107,1435997470614,25.0
25108,1435997470633,25.0
25109,1435997470655,25.0
25110,1435997470674,25.0
25111,1435997470696,25.0
25112,1435997470712,25.0
25113,1435997470732,25.0
25114,1435997470751,25.0
25115,1435997470774,25.0
25116,1435997470794,25.0
25117,1435997470815,25.0
25118,1435997470837,25.0
25119,1435997470864,25.0
25120,1435997470875,25.0
25121,1435997470892,25.0
25122,1435997470912,25.0
25123,1435997470932,25.0
25124,1435997470952,25.0
25125,1435997470972,24.0
25126,1435997470992,24.0
25127,1435997471012,24.0
25128,1435997471032,24.0
25129,1435997471052,24.0
25130,1435997471072,24.0
25131,1435997471092,24.0
25132,1435997471112,24.0
25133,1435997471132,24.0
25134,1435997471152,24.0
25135,1435997471172,24.0
25136,1435997471192,24.0
25137,1435997471212,24.0
25138,1435997471232,24.0
25139,1435997471252,24.0
25140,1435997471272,24.0
25141,1435997471292,24.0
25142,1435997471312,24.0
25143,1435997471332,24.0
25144,1435997471352,24.0
25145,1435997471372,24.0
25146,1435997471392,24.0
25147,1435997471412,24.0
25148,1435997471434,24.0
25149,1435997471453,24.0
25150,1435997471474,24.0
25151,1435997471495,24.0
25152,1435997471533,24.0
25153,1435997471536,24.0
25154,1435997471553,24.0
25155,1435997471573,24.0
25156,1435997471594,24.0
25157,1435997471614,24.0
25158,1435997471634,24.0
25159,1435997471653,24.0
25160,1435997471674,24.0
25161,1435997471693,24.0
25162,1435997471716,24.0
25163,1435997471736,24.0
25164,1435997471756,24.0
25165,1435997471777,24.0
25166,1435997471797,24.0
25167,1435997471816,24.0
25168,1435997471835,24.0
25169,1435997471856,24.0
25170,1435997471874,24.0
25171,1435997471895,24.0
25172,1435997471915,24.0
25173,1435997471937,24.0
25174,1435997471955,24.0
25175,1435997471980,24.0
25176,1435997471997,24.0
25177,1435997472016,24.0
25178,1435997472035,24.0
25179,1435997472055,24.0
25180,1435997472078,24.0
25181,1435997472097,24.0
25182,1435997472115,24.0
25183,1435997472135,25.0
25184,1435997472205,25.0
25185,1435997472206,25.0
25186,1435997472207,25.0
25187,1435997472215,25.0
25188,1435997472234,25.0
25189,1435997472255,25.0
25190,1435997472274,25.0
25191,1435997472296,25.0
25192,1435997472314,25.0
25193,1435997472339,25.0
25194,1435997472360,25.0
25195,1435997472376,25.0
25196,1435997472397,25.0
25197,1435997472416,25.0
25198,1435997472435,25.0
25199,1435997472454,25.0
25200,1435997472475,25.0
25201,1435997472495,25.0
25202,1435997472517,25.0
25203,1435997472534,25.0
25204,1435997472557,25.0
25205,1435997472580,25.0
25206,1435997472606,25.0
25207,1435997472619,25.0
25208,1435997472637,25.0
25209,1435997472656,25.0
25210,1435997472675,25.0
25211,1435997472695,25.0
25212,1435997472717,25.0
25213,1435997472738,25.0
25214,1435997472758,25.0
25215,1435997472777,25.0
25216,1435997472798,25.0
25217,1435997472817,25.0
25218,1435997472837,25.0
25219,1435997472856,25.0
25220,1435997472941,25.0
25221,1435997472942,25.0
25222,1435997472943,25.0
25223,1435997472944,25.0
25224,1435997472959,25.0
25225,1435997472981,24.0
25226,1435997472995,24.0
25227,1435997473015,24.0
25228,1435997473051,24.0
25229,1435997473055,24.0
25230,1435997473077,24.0
25231,1435997473097,24.0
25232,1435997473117,24.0
25233,1435997473135,24.0
25234,1435997473155,24.0
25235,1435997473176,24.0
25236,1435997473197,24.0
25237,1435997473217,24.0
25238,1435997473237,24.0
25239,1435997473258,24.0
25240,1435997473277,24.0
25241,1435997473298,23.0
25242,1435997473323,23.0
25243,1435997473337,23.0
25244,1435997473356,23.0
25245,1435997473375,23.0
25246,1435997473396,23.0
25247,1435997473416,23.0
25248,1435997473436,23.0
25249,1435997473455,23.0
25250,1435997473476,23.0
25251,1435997473496,23.0
25252,1435997473516,23.0
25253,1435997473542,23.0
25254,1435997473557,23.0
25255,1435997473681,23.0
25256,1435997473682,23.0
25257,1435997473683,23.0
25258,1435997473684,23.0
25259,1435997473685,23.0
25260,1435997473692,23.0
25261,1435997473698,23.0
25262,1435997473720,23.0
25263,1435997473736,23.0
25264,1435997473757,23.0
25265,1435997473777,23.0
25266,1435997473797,23.0
25267,1435997473817,23.0
25268,1435997473837,23.0
25269,1435997473857,23.0
25270,1435997473877,23.0
25271,1435997473899,23.0
25272,1435997473918,23.0
25273,1435997473937,23.0
25274,1435997473956,23.0
25275,1435997473976,23.0
25276,1435997473996,23.0
25277,1435997474017,23.0
25278,1435997474038,24.0
25279,1435997474057,24.0
25280,1435997474076,24.0
25281,1435997474099,24.0
25282,1435997474117,24.0
25283,1435997474137,24.0
25284,1435997474157,24.0
25285,1435997474178,24.0
25286,1435997474200,24.0
25287,1435997474221,24.0
25288,1435997474238,24.0
25289,1435997474257,24.0
25290,1435997474278,24.0
25291,1435997474298,24.0
25292,1435997474318,24.0
25293,1435997474398,24.0
25294,1435997474399,24.0
25295,1435997474400,25.0
25296,1435997474401,25.0
25297,1435997474418,25.0
25298,1435997474441,25.0
25299,1435997474457,25.0
25300,1435997474478,25.0
25301,1435997474502,25.0
25302,1435997474517,25.0
25303,1435997474541,25.0
25304,1435997474557,25.0
25305,1435997474578,25.0
25306,1435997474597,25.0
25307,1435997474618,25.0
25308,1435997474637,25.0
25309,1435997474657,25.0
25310,1435997474677,25.0
25311,1435997474697,26.0
25312,1435997474716,26.0
25313,1435997474737,26.0
25314,1435997474757,26.0
25315,1435997474777,26.0
25316,1435997474798,26.0
25317,1435997474818,26.0
25318,1435997474837,27.0
25319,1435997474858,27.0
25320,1435997474877,27.0
25321,1435997474897,27.0
25322,1435997474918,27.0
25323,1435997474938,27.0
25324,1435997474958,27.0
25325,1435997474978,27.0
25326,1435997474997,27.0
25327,1435997475018,28.0
25328,1435997475037,28.0
25329,1435997475059,28.0
25330,1435997475099,28.0
25331,1435997475100,28.0
25332,1435997475121,28.0
25333,1435997475136,28.0
25334,1435997475157,28.0
25335,1435997475177,28.0
25336,1435997475197,28.0
25337,1435997475218,28.0
25338,1435997475238,28.0
25339,1435997475259,28.0
25340,1435997475277,28.0
25341,1435997475297,28.0
25342,1435997475318,28.0
25343,1435997475338,28.0
25344,1435997475358,28.0
25345,1435997475377,28.0
25346,1435997475399,28.0
25347,1435997475419,28.0
25348,1435997475444,28.0
25349,1435997475458,28.0
25350,1435997475478,28.0
25351,1435997475498,28.0
25352,1435997475518,28.0
25353,1435997475543,28.0
25354,1435997475567,28.0
25355,1435997475605,28.0
25356,1435997475606,28.0
25357,1435997475626,28.0
25358,1435997475639,28.0
25359,1435997475659,28.0
25360,1435997475679,28.0
25361,1435997475706,28.0
25362,1435997475787,28.0
25363,1435997475788,28.0
25364,1435997475789,28.0
25365,1435997475790,28.0
25366,1435997475797,28.0
25367,1435997475818,28.0
25368,1435997475841,28.0
25369,1435997475858,28.0
25370,1435997475879,28.0
25371,1435997475899,29.0
25372,1435997475918,29.0
25373,1435997475939,29.0
25374,1435997475960,29.0
25375,1435997475978,29.0
25376,1435997475999,29.0
25377,1435997476019,29.0
25378,1435997476038,29.0
25379,1435997476065,29.0
25380,1435997476079,29.0
25381,1435997476100,29.0
25382,1435997476120,29.0
25383,1435997476140,29.0
25384,1435997476159,29.0
25385,1435997476186,29.0
25386,1435997476199,29.0
25387,1435997476219,29.0
25388,1435997476239,29.0
25389,1435997476258,29.0
25390,1435997476278,29.0
25391,1435997476298,29.0
25392,1435997476319,29.0
25393,1435997476339,29.0
25394,1435997476358,29.0
25395,1435997476378,29.0
25396,1435997476398,29.0
25397,1435997476420,29.0
25398,1435997476447,29.0
25399,1435997476526,29.0
25400,1435997476527,29.0
25401,1435997476528,29.0
25402,1435997476529,29.0
25403,1435997476548,29.0
25404,1435997476593,29.0
25405,1435997476594,29.0
25406,1435997476598,29.0
25407,1435997476618,29.0
25408,1435997476674,29.0
25409,1435997476675,29.0
25410,1435997476678,29.0
25411,1435997476698,29.0
25412,1435997476719,29.0
25413,1435997476743,29.0
25414,1435997476758,29.0
25415,1435997476779,29.0
25416,1435997476853,29.0
25417,1435997476854,29.0
25418,1435997476855,29.0
25419,1435997476859,29.0
25420,1435997476879,29.0
25421,1435997476901,29.0
25422,1435997476931,29.0
25423,1435997476943,29.0
25424,1435997476964,29.0
25425,1435997476979,29.0
25426,1435997477001,29.0
25427,1435997477020,29.0
25428,1435997477039,29.0
25429,1435997477059,29.0
25430,1435997477079,29.0
25431,1435997477100,29.0
25432,1435997477120,29.0
25433,1435997477140,30.0
25434,1435997477161,30.0
25435,1435997477181,30.0